date,code,open,high,low,close,preclose,volume,amount,adjustflag,turn,tradestatus,pctChg,peTTM,pbMRQ,psTTM,pcfNcfTTM
2007-04-30,sz.000338,3.5396900000,3.5902570000,3.1796529600,3.2833153100,1.0351064900,20737497,1365189210.8000,2,11.815365,1,217.195900,38.429441,10.495364,4.207167,-32.917372
2007-05-08,sz.000338,3.3677622000,3.4385560000,3.1796529600,3.2362880000,3.2833153100,8629889,556319802.4600,2,4.916952,1,-1.432312,37.879012,10.345038,4.146908,-32.445893
2007-05-09,sz.000338,3.2019024400,3.2302199600,3.0137932000,3.1351540000,3.2362880000,9382251,578206497.5300,2,5.345617,1,-3.125000,36.695293,10.021755,4.017317,-31.431959
2007-05-10,sz.000338,3.1098705000,3.2605601600,3.0850926700,3.1599318300,3.1351540000,4772011,299922582.3600,2,2.718894,1,0.790325,36.985304,10.100960,4.049066,-31.680373
2007-05-11,sz.000338,3.1300973000,3.1300973000,3.0188499000,3.0668885500,3.1599318300,3927313,237312640.5300,2,2.237620,1,-2.944471,35.896282,9.803540,3.929843,-30.747553
2007-05-14,sz.000338,3.0011514500,3.1022854500,2.9733396000,3.0547524700,3.0668885500,4225918,254487635.1200,2,2.407753,1,-0.395716,35.754236,9.764746,3.914292,-30.625881
2007-05-15,sz.000338,3.0547524700,3.0593035000,2.9328860000,2.9485617700,3.0547524700,3561509,210965193.1700,2,2.029200,1,-3.476243,34.511331,9.425299,3.778222,-29.561250
2007-05-16,sz.000338,2.9429994000,3.1245349300,2.9419880600,3.0896437000,2.9485617700,3789911,228617414.2900,2,2.159334,1,4.784766,36.162619,9.876278,3.959001,-30.975688
2007-05-17,sz.000338,3.1199839000,3.1948230600,3.0845870000,3.1943173900,3.0896437000,3756792,233227667.3000,2,2.140464,1,3.387888,37.387768,10.210876,4.093127,-32.025110
2007-05-18,sz.000338,3.2125215100,3.2125215100,3.1351540000,3.1351540000,3.1943173900,3374691,211636801.4900,2,1.922759,1,-1.852142,36.695293,10.021755,4.017317,-31.431959
2007-05-21,sz.000338,3.0239066000,3.1609431700,3.0239066000,3.1250406000,3.1351540000,3099305,190789897.1300,2,1.765855,1,-0.322582,36.576921,9.989427,4.004358,-31.330565
2007-05-22,sz.000338,3.1346483300,3.1503241000,3.0997571000,3.1048138000,3.1250406000,3938453,244051768.4300,2,2.243967,1,-0.647246,36.340177,9.924771,3.978439,-31.127779
2007-05-23,sz.000338,3.1053194700,3.3171952000,3.0643602000,3.2261746000,3.1048138000,4766617,299214665.6000,2,2.715820,1,3.908791,37.760640,10.312710,4.133948,-32.344500
2007-05-24,sz.000338,3.2287029500,3.2413447000,3.1351540000,3.1857210000,3.2261746000,2273622,143333538.9400,2,1.295415,1,-1.253917,37.287152,10.183397,4.082112,-31.938926
2007-05-25,sz.000338,3.1745962600,3.2767416000,3.1402107000,3.2458957300,3.1857210000,3608156,230610490.6300,2,2.055777,1,1.888893,37.991465,10.375750,4.159219,-32.542217
2007-05-28,sz.000338,3.2474127400,3.3829323000,3.2474127400,3.3424787000,3.2458957300,2962353,195512469.6600,2,1.687826,1,2.975535,39.121917,10.684484,4.282978,-33.510524
2007-05-29,sz.000338,3.3374220000,3.6767265700,3.3374220000,3.6767265700,3.3424787000,4705210,334481963.8900,2,2.680833,1,10.000000,43.034108,11.752933,4.711276,-36.861576
2007-05-30,sz.000338,3.4688962000,3.9639471300,3.4688962000,3.7419580000,3.6767265700,7362511,547867087.5700,2,4.194853,1,1.774173,43.797607,11.961450,4.794862,-37.515564
2007-05-31,sz.000338,3.7419580000,3.9386636300,3.4830549600,3.7824116000,3.7419580000,4817148,359545572.0300,2,2.744611,1,1.081085,44.271095,12.090763,4.846698,-37.921137
2007-06-01,sz.000338,3.7672415000,3.9088291000,3.6924023400,3.7596564500,3.7824116000,3496386,265019117.8100,2,1.992096,1,-0.601610,44.004758,12.018024,4.817540,-37.693002
2007-06-04,sz.000338,3.7596564500,3.7925250000,3.4830549600,3.5498034000,3.7596564500,3731951,267353723.4000,2,2.126311,1,-5.581710,41.548541,11.347213,4.548639,-35.589089
2007-06-05,sz.000338,3.4901343400,3.6408240000,3.2519637700,3.6155405000,3.5498034000,5017160,341039812.4500,2,2.858569,1,1.851856,42.317958,11.557347,4.632873,-36.248146
2007-06-06,sz.000338,3.5902570000,3.8026384000,3.4881116600,3.7283049100,3.6155405000,4907529,357545843.6100,2,2.796106,1,3.118886,43.637805,11.917807,4.777367,-37.378683
2007-06-07,sz.000338,3.6964477000,3.9386636300,3.6918966700,3.9310785800,3.7283049100,3822452,291408632.7600,2,2.177874,1,5.438756,46.011162,12.565988,5.037197,-39.411621
2007-06-08,sz.000338,3.9331012600,3.9437203300,3.8183141700,3.9138858000,3.9310785800,2397745,184609181.3900,2,1.366136,1,-0.437351,45.809930,12.511030,5.015166,-39.239252
2007-06-11,sz.000338,3.8936590000,4.2349862500,3.8698925100,4.1970610000,3.9138858000,2702841,221016948.0800,2,1.539967,1,7.235140,49.124343,13.416221,5.378021,-42.078267
2007-06-12,sz.000338,4.1970610000,4.3037573700,4.0645754600,4.2729115000,4.1970610000,3039112,253432131.0900,2,1.731560,1,1.807229,50.012133,13.658683,5.475214,-42.838718
2007-06-13,sz.000338,4.2476280000,4.3740455000,4.2223445000,4.3472449900,4.2729115000,2527743,215341269.1000,2,1.440203,1,1.739646,50.882166,13.896295,5.570463,-43.583960
2007-06-15,sz.000338,4.2223445000,4.6268805000,4.2223445000,4.3993290000,4.3472449900,3040831,266783697.0500,2,1.732539,1,1.198091,51.491782,14.062786,5.637202,-44.106136
2007-06-18,sz.000338,4.4104537400,4.5004630000,4.3472449900,4.3740455000,4.3993290000,2082058,181648772.7400,2,1.186270,1,-0.574713,51.195852,13.981965,5.604805,-43.852652
2007-06-19,sz.000338,4.3740455000,4.3993290000,4.2425713000,4.2678548000,4.3740455000,2444348,207186516.7000,2,1.392688,1,-2.427744,49.952947,13.642519,5.468734,-42.788021
2007-06-20,sz.000338,4.2370089300,4.3937666300,4.2274012000,4.2678548000,4.2678548000,2075375,178049017.2300,2,1.182462,1,0.000000,49.952947,13.642519,5.468734,-42.788021
2007-06-21,sz.000338,4.2481336700,4.3993290000,4.2476280000,4.3411769500,4.2678548000,1930034,165177044.7400,2,1.099653,1,1.718006,50.811143,13.876898,5.562688,-43.523124
2007-06-22,sz.000338,4.3234785000,4.3260068500,3.9887249600,4.0655868000,4.3411769500,2108963,173036592.1100,2,1.201600,1,-6.348279,47.585508,12.995954,5.209553,-40.760153
2007-06-25,sz.000338,4.0665981400,4.1414373000,3.8693868400,3.9492827000,4.0655868000,1856448,147123315.9200,2,1.057727,1,-2.860700,46.224231,12.624179,5.060523,-39.594129
2007-06-26,sz.000338,3.8607904500,4.0453600000,3.8430920000,3.9700151700,3.9492827000,940402,73493920.2100,2,0.535802,1,0.524973,46.466894,12.690452,5.087089,-39.801985
2007-06-27,sz.000338,4.0453600000,4.2981950000,3.9745662000,4.1975666700,3.9700151700,2586894,210650565.7300,2,1.473905,1,5.731754,49.130262,13.417837,5.378669,-42.083337
2007-06-28,sz.000338,4.2046460500,4.2476280000,3.9695095000,3.9695095000,4.1975666700,1280876,104536430.2900,2,0.729790,1,-5.433083,46.460975,12.688836,5.086441,-39.796916
2007-07-02,sz.000338,3.9695095000,4.0200765000,3.8435976700,3.9371466200,3.9695095000,1231522,95427370.8100,2,0.701670,1,-0.815286,46.082185,12.585385,5.044972,-39.472457
2007-07-03,sz.000338,3.9381579600,4.0544620600,3.9229878600,4.0200765000,3.9371466200,1362821,108267056.4800,2,0.776479,1,2.106344,47.052835,12.850477,5.151237,-40.303883
2007-07-04,sz.000338,3.9442260000,4.0453600000,3.9442260000,3.9826569200,4.0200765000,975169,77139916.3500,2,0.555611,1,-0.930815,46.614859,12.730862,5.103288,-39.928727
2007-07-05,sz.000338,3.9265275500,4.0200765000,3.8936590000,3.9239992000,3.9826569200,1680680,131891389.4000,2,0.957582,1,-1.472834,45.928302,12.543358,5.028125,-39.340645
2007-07-06,sz.000338,3.9442260000,3.9634414600,3.7424636700,3.9346182700,3.9239992000,1056818,80631520.9400,2,0.602131,1,0.270617,46.052592,12.577303,5.041732,-39.447108
2007-07-09,sz.000338,3.9325955900,4.0008610400,3.9320899200,3.9695095000,3.9346182700,806667,63388973.7400,2,0.459605,1,0.886779,46.460975,12.688836,5.086441,-39.796916
2007-07-10,sz.000338,3.9695095000,3.9947930000,3.8430920000,3.8784889000,3.9695095000,1150329,88289774.2800,2,0.655410,1,-2.292998,45.395628,12.397881,4.969810,-38.884375
2007-07-11,sz.000338,3.8810172500,3.8820285900,3.8046610800,3.8430920000,3.8784889000,1199689,91195613.6400,2,0.683533,1,-0.912643,44.981326,12.284732,4.924453,-38.529498
2007-07-12,sz.000338,3.8324729300,3.8729265300,3.7930306700,3.8061780900,3.8430920000,411223,31133900.7200,2,0.234298,1,-0.960531,44.549269,12.166734,4.877152,-38.159412
2007-07-13,sz.000338,3.8026384000,3.9214708500,3.7722982000,3.8456203500,3.8061780900,715165,54201946.4900,2,0.407471,1,1.036278,45.010919,12.292815,4.927692,-38.554846
2007-07-16,sz.000338,3.8532054000,3.9482713600,3.7925250000,3.7975817000,3.8456203500,607171,46024523.5800,2,0.345941,1,-1.249184,44.448653,12.139255,4.866137,-38.073227
2007-07-17,sz.000338,3.7722982000,3.8228652000,3.7722982000,3.7980873700,3.7975817000,731686,54949277.5300,2,0.416884,1,0.013318,44.454571,12.140872,4.866785,-38.078297
2007-07-18,sz.000338,3.7920193300,3.9482713600,3.7920193300,3.9234935300,3.7980873700,1389708,107531428.2500,2,0.791798,1,3.301818,45.922383,12.541742,5.027477,-39.335576
2007-07-19,sz.000338,3.8880966300,3.9442260000,3.8542167400,3.9138858000,3.9234935300,348483,26871658.1300,2,0.198551,1,-0.244870,45.809930,12.511030,5.015166,-39.239252
2007-07-20,sz.000338,3.9189425000,4.0453600000,3.9138858000,4.0200765000,3.9138858000,1563601,123359668.1700,2,0.890875,1,2.713176,47.052835,12.850477,5.151237,-40.303883
2007-07-23,sz.000338,4.0807569000,4.1909929600,4.0443486600,4.0443486600,4.0200765000,3557060,287789126.3600,2,2.026665,1,0.603778,47.336927,12.928065,5.182339,-40.547227
2007-07-24,sz.000338,4.0949156600,4.0949156600,4.0190651600,4.0605301000,4.0443486600,3321394,266145287.3500,2,1.892392,1,0.400100,47.526323,12.979790,5.203073,-40.709456
2007-07-25,sz.000338,4.0949156600,4.0959270000,3.9401806400,4.0408089700,4.0605301000,3654472,286959995.6900,2,2.082166,1,-0.485678,47.295497,12.916750,5.177803,-40.511739
2007-07-26,sz.000338,4.0403033000,4.0655868000,3.9543394000,3.9796229000,4.0408089700,2529579,200322189.2100,2,1.441249,1,-1.514212,46.579347,12.721164,5.099400,-39.898309
2007-07-27,sz.000338,3.9786115600,4.0448543300,3.9442260000,3.9897363000,3.9796229000,2790328,219508347.1300,2,1.589813,1,0.254135,46.697719,12.753492,5.112359,-39.999702
2007-07-30,sz.000338,3.9720378500,4.0949156600,3.9720378500,4.0554734000,3.9897363000,2756149,220767171.9300,2,1.570339,1,1.647650,47.467137,12.963626,5.196594,-40.658760
2007-07-31,sz.000338,4.0605301000,4.1909929600,4.0605301000,4.1813852300,4.0554734000,2503996,205289560.8100,2,1.426673,1,3.104745,48.940867,13.366112,5.357934,-41.921108
2007-08-01,sz.000338,4.1965553300,4.2223445000,3.9947930000,3.9958043400,4.1813852300,2504607,201999100.8400,2,1.427021,1,-4.438270,46.768742,12.772889,5.120135,-40.060538
2007-08-02,sz.000338,4.0251332000,4.1515507000,3.9214708500,3.9684981600,3.9958043400,4189736,332697256.9000,2,2.387138,1,-0.683363,46.449138,12.685603,5.085145,-39.786776
2007-08-03,sz.000338,4.0392919600,4.1601470900,3.9700151700,4.1368862700,3.9684981600,4578398,372840528.4400,2,2.608581,1,4.243112,48.420030,13.223868,5.300914,-41.474977
2007-08-06,sz.000338,4.1520563700,4.3482563300,4.1520563700,4.2385259400,4.1368862700,3042549,257814919.9100,2,1.733518,1,2.456915,49.609668,13.548767,5.431153,-42.493980
2007-08-07,sz.000338,4.2400429500,4.4448393000,4.1717775000,4.3593810700,4.2385259400,3608368,308661780.7300,2,2.055898,1,2.851347,51.024213,13.935089,5.586014,-43.705632
2007-08-08,sz.000338,4.2724058300,4.4094424000,4.1970610000,4.3487620000,4.3593810700,4009058,340213795.7200,2,2.284195,1,-0.243590,50.899922,13.901145,5.572407,-43.599169
2007-08-09,sz.000338,4.3487620000,4.7634114000,4.2992063400,4.6369939000,4.3487620000,3295461,298710611.1700,2,1.877617,1,6.627903,54.273521,14.822500,5.941741,-46.488881
2007-08-10,sz.000338,4.6723908000,4.6723908000,4.4296692000,4.6167671000,4.6369939000,2492743,224909502.4300,2,1.420261,1,-0.436198,54.036778,14.757843,5.915823,-46.286094
2007-08-13,sz.000338,4.5510300000,4.6005856600,4.3932609600,4.4003403400,4.6167671000,2511923,222172723.4300,2,1.431189,1,-4.687849,51.503619,14.066019,5.638498,-44.116275
2007-08-14,sz.000338,4.4023630200,4.4741681600,4.3477506600,4.4342202300,4.4003403400,1193214,103685856.7800,2,0.679844,1,0.769945,51.900165,14.174318,5.681911,-44.455943
2007-08-15,sz.000338,4.4362429100,4.5667057700,4.3487620000,4.4043857000,4.4342202300,1347547,118574109.8500,2,0.767776,1,-0.672829,51.550968,14.078950,5.643682,-44.156832
2007-08-16,sz.000338,4.4069140500,4.4069140500,4.2380202700,4.2992063400,4.4043857000,2220973,188180621.4200,2,1.265418,1,-2.388062,50.319900,13.742736,5.508907,-43.102341
2007-08-17,sz.000338,4.2476280000,4.3487620000,4.2223445000,4.2223445000,4.2992063400,1949342,164993379.8100,2,1.110654,1,-1.787811,49.420273,13.497042,5.410418,-42.331751
2007-08-20,sz.000338,4.3260068500,4.4043857000,4.2729115000,4.3543243700,4.2223445000,1765756,151432203.3600,2,1.006054,1,3.125749,50.965027,13.918925,5.579534,-43.654935
2007-08-21,sz.000338,4.3538187000,4.4943949600,4.2820135600,4.3730341600,4.3543243700,3168657,274466934.2100,2,1.805369,1,0.429686,51.184015,13.978732,5.603509,-43.842513
2007-08-23,sz.000338,4.4650661000,4.5763135000,4.3745511700,4.5510300000,4.3730341600,3697389,327886757.8500,2,2.106619,1,4.070302,53.267360,14.547710,5.831589,-45.627037
2007-08-24,sz.000338,4.6127217400,4.9909629000,4.6127217400,4.9909629000,4.5510300000,3903283,375833778.0500,2,2.223929,1,9.666663,58.416538,15.953988,6.395309,-50.037651
2007-08-27,sz.000338,5.0516433000,5.1325505000,4.8448242700,4.9049990000,4.9909629000,3034511,298717956.0200,2,1.728938,1,-1.722388,57.410377,15.679198,6.285157,-49.175806
2007-08-28,sz.000338,4.9226974500,5.0561943300,4.7573433600,4.9044933300,4.9049990000,3418973,331501683.7400,2,1.947989,1,-0.010311,57.404459,15.677582,6.284509,-49.170737
2007-08-29,sz.000338,5.0314165000,5.1669360600,4.8878062200,4.8898289000,4.9044933300,4833925,479838737.3000,2,2.754170,1,-0.299001,39.382128,11.169357,3.657133,54.848149
2007-08-30,sz.000338,4.9151394500,5.1394525000,4.8118440500,5.0635000000,4.8898219500,3482172,346254136.4800,2,1.983997,1,3.551828,40.726089,11.550524,3.781937,56.719906
2007-08-31,sz.000338,5.0786905000,5.4432625000,4.9774205000,5.3419925000,5.0635000000,3660778,382259048.9600,2,2.085759,1,5.500000,42.966024,12.185803,3.989944,59.839501
2007-09-03,sz.000338,5.3318655000,5.5344055000,5.2179367500,5.2356590000,5.3419925000,3260883,342586363.1800,2,1.857916,1,-1.990520,42.110776,11.943242,3.910523,58.648383
2007-09-04,sz.000338,5.2154050000,5.2356590000,4.9121013500,4.9318490000,5.2356590000,5255495,520740549.4900,2,2.994363,1,-5.802708,39.667210,11.250210,3.683607,55.245189
2007-09-05,sz.000338,4.9090632500,5.0528666500,4.8862775000,4.9713443000,4.9318490000,1811580,178406910.7900,2,1.032163,1,0.800820,39.984874,11.340304,3.713106,55.687604
2007-09-06,sz.000338,5.0376761500,5.0523603000,4.9115950000,4.9358998000,4.9713443000,2157578,211232269.8500,2,1.229298,1,-0.712973,39.699791,11.259451,3.686632,55.290565
2007-09-07,sz.000338,4.8862775000,4.9343807500,4.7601963500,4.7941218000,4.9358998000,3095094,293508343.2600,2,1.763456,1,-2.872387,38.559461,10.936036,3.580738,53.702407
2007-09-10,sz.000338,4.7596900000,5.0067888000,4.7394360000,4.9657744500,4.7941218000,1825623,175745930.9100,2,1.040164,1,3.580481,39.940075,11.327599,3.708946,55.625212
2007-09-11,sz.000338,4.9708379500,5.0422333000,4.6589263500,4.6660152500,4.9657744500,2650669,257186052.8900,2,1.510241,1,-6.036503,37.529091,10.643808,3.485055,52.267394
2007-09-12,sz.000338,4.6614581000,4.7850075000,4.5571500000,4.7288026500,4.6660152500,2035430,187961520.9400,2,1.159703,1,1.345630,38.034094,10.787034,3.531951,52.970720
2007-09-13,sz.000338,4.7191820000,4.8913410000,4.6594327000,4.8812140000,4.7288026500,2408643,229533841.8900,2,1.372345,1,3.223046,39.259949,11.134705,3.645787,54.677990
2007-09-14,sz.000338,4.9217220000,5.2002145000,4.9115950000,5.1126159500,4.8812140000,2851708,286101196.7000,2,1.624785,1,4.740664,41.121132,11.662564,3.818622,57.270089
2007-09-17,sz.000338,5.1166667500,5.1647700000,4.9434950500,5.0002062500,5.1126159500,2482088,245324454.0800,2,1.414191,1,-2.198674,40.217013,11.406142,3.734663,56.010907
2007-09-18,sz.000338,4.9905856000,4.9905856000,4.7485503000,4.8153885000,5.0002062500,3012728,286640718.2200,2,1.716527,1,-3.696204,38.730510,10.984548,3.596622,53.940631
2007-09-19,sz.000338,4.8153885000,4.8548838000,4.6503184000,4.7090550000,4.8153885000,2883145,267413573.0200,2,1.642696,1,-2.208200,37.875262,10.741987,3.517201,52.749513
2007-09-20,sz.000338,4.7369042500,4.8052615000,4.6948772000,4.7900710000,4.7090550000,4610450,433167912.8500,2,2.626843,1,1.720428,38.526880,10.926796,3.577712,53.657031
2007-09-21,sz.000338,4.7850075000,4.7850075000,4.6584200000,4.7293090000,4.7900710000,3393112,314962492.2100,2,1.933254,1,-1.268496,38.038167,10.788189,3.532329,52.976392
2007-09-24,sz.000338,4.7293090000,4.7591836500,4.5571500000,4.6042405500,4.7293090000,2319952,211412861.3800,2,1.321812,1,-2.644541,37.032232,10.502891,3.438915,51.575411
2007-09-25,sz.000338,4.6325961500,4.6331025000,4.4736022500,4.4918308500,4.6042405500,4334149,387177437.3100,2,2.469418,1,-2.441440,36.128113,10.246470,3.354956,50.316229
2007-09-26,sz.000338,4.5065150000,4.6331025000,4.4558800000,4.5004388000,4.4918308500,2579464,230264969.5600,2,1.469671,1,0.191634,36.197348,10.266106,3.361386,50.412653
2007-09-27,sz.000338,4.5115785000,4.6077850000,4.4811975000,4.5748722500,4.5004388000,2386703,214147915.4400,2,1.359844,1,1.653917,36.796021,10.435898,3.416980,51.246435
2007-09-28,sz.000338,4.6584200000,4.8103250000,4.5824675000,4.7495630000,4.5748722500,2726885,252564695.3400,2,1.553666,1,3.818489,38.201071,10.834392,3.547457,53.203272
2007-10-08,sz.000338,4.8670362000,4.9202029500,4.6837375000,4.6893073500,4.7495630000,3649671,343727898.3800,2,2.079431,1,-1.268659,37.716431,10.696940,3.502452,52.528305
2007-10-09,sz.000338,4.6690533500,4.6690533500,4.5520865000,4.5905691000,4.6893073500,3314695,300095233.3700,2,1.888576,1,-2.105601,36.922272,10.471705,3.428704,51.422267
2007-10-10,sz.000338,4.6077850000,4.7698170000,4.5475293500,4.6584200000,4.5905691000,5685447,523758670.5100,2,3.239332,1,1.478046,37.468002,10.626482,3.479382,52.182314
2007-10-11,sz.000338,4.6634835000,4.6781676500,4.5520865000,4.5834802000,4.6584200000,3371184,305403100.1200,2,1.920761,1,-1.608699,36.865255,10.455534,3.423409,51.342859
2007-10-12,sz.000338,4.6331025000,4.9926110000,4.5571500000,4.9217220000,4.5834802000,6728923,631664853.5200,2,3.833861,1,7.379585,39.585758,11.227109,3.676043,55.131749
2007-10-15,sz.000338,4.9774205000,5.1612255500,4.8609600000,5.0635000000,4.9217220000,7811913,778275824.0400,2,4.450904,1,2.880662,40.726089,11.550524,3.781937,56.719906
2007-10-16,sz.000338,5.1141350000,5.1647700000,4.9622300000,4.9723570000,5.0635000000,3952240,393301784.5400,2,2.251822,1,-1.800003,39.993019,11.342615,3.713862,55.698948
2007-10-17,sz.000338,4.9217220000,5.0624873000,4.8969108500,4.9323553500,4.9723570000,2924805,287252961.2700,2,1.666432,1,-0.804474,39.671283,11.251365,3.683985,55.250861
2007-10-18,sz.000338,4.9622300000,5.0635000000,4.7141185000,4.7520947500,4.9323553500,2877513,275390149.5100,2,1.639487,1,-3.654661,38.221434,10.840167,3.549348,53.231632
2007-10-19,sz.000338,4.8103250000,4.8305790000,4.6128485000,4.6406977500,4.7520947500,3240289,300676451.5900,2,1.846182,1,-2.344163,37.325460,10.586055,3.466145,51.983794
2007-10-22,sz.000338,4.5774040000,4.7080423000,4.5065150000,4.5571500000,4.6406977500,2796389,253839739.2800,2,1.593266,1,-1.800329,36.653480,10.395472,3.403743,51.047916
2007-10-23,sz.000338,4.5566436500,4.6325961500,4.4660070000,4.6077850000,4.5571500000,2144398,192612964.5200,2,1.221789,1,1.111111,37.060741,10.510977,3.441563,51.615115
2007-10-24,sz.000338,4.6270263000,4.7409550500,4.5515801500,4.6558882500,4.6077850000,3102786,284267309.2900,2,1.767839,1,1.043953,37.447639,10.620707,3.477491,52.153954
2007-10-25,sz.000338,4.6584200000,4.8877965500,4.5065150000,4.7951345000,4.6558882500,4534533,421307388.6400,2,2.583589,1,2.990756,38.567606,10.938346,3.581494,53.713751
2007-10-26,sz.000338,4.7536138000,4.9257728000,4.6584200000,4.7642471500,4.7951345000,4200026,398024339.0400,2,2.393000,1,-0.644140,38.319177,10.867888,3.558425,53.367760
2007-10-29,sz.000338,4.8356425000,4.9318490000,4.7095613500,4.7394360000,4.7642471500,3289985,311178665.7800,2,1.874497,1,-0.520776,31.582045,9.784885,3.061888,32.418355
2007-10-30,sz.000338,4.8103250000,4.9612173000,4.7444995000,4.9470395000,4.7394360000,4181957,403459369.3000,2,2.382705,1,4.380341,32.965447,10.213496,3.196010,33.838389
2007-10-31,sz.000338,5.0179285000,5.2093288000,4.9672935000,5.0229920000,4.9470395000,6672799,671842322.8900,2,3.801884,1,1.535312,33.471569,10.370305,3.245078,34.357914
2007-11-01,sz.000338,5.0128650000,5.3050289500,4.9764078000,5.1956573500,5.0229920000,5553418,562759514.7400,2,3.164107,1,3.437504,34.622155,10.726785,3.356628,35.538968
2007-11-02,sz.000338,5.1141350000,5.2148986500,4.9252664500,4.9632427000,5.1956573500,4392360,440620509.0600,2,2.502584,1,-4.473252,33.073420,10.246949,3.206478,33.949221
2007-11-05,sz.000338,4.9121013500,5.4594657000,4.8776695500,5.3111051500,4.9632427000,6587236,680487685.6000,2,3.753134,1,7.008777,35.391461,10.965134,3.431212,36.328645
2007-11-06,sz.000338,5.3004718000,5.3004718000,4.7850075000,4.8356425000,5.3111051500,7202982,703442547.1400,2,4.103960,1,-8.952235,32.223134,9.983510,3.124042,33.076420
2007-11-07,sz.000338,4.7991853000,4.8888092500,4.6103167500,4.6558882500,4.8356425000,4409908,408595508.0800,2,2.512582,1,-3.717281,31.025311,9.612395,3.007913,31.846877
2007-11-08,sz.000338,4.6822184500,4.7090550000,4.3849910000,4.3951180000,4.6558882500,4999480,448805872.6100,2,2.848496,1,-5.600863,29.287623,9.074017,2.839443,30.063175
2007-11-09,sz.000338,4.4508165000,4.5824675000,4.3900545000,4.4730959000,4.3951180000,3359660,297722552.9900,2,1.914195,1,1.774186,29.807242,9.235008,2.889821,30.596554
2007-11-12,sz.000338,4.3951180000,4.4811975000,4.1424493500,4.2533400000,4.4730959000,3275183,276042709.7900,2,1.866063,1,-4.912833,28.342861,8.781307,2.747849,29.093395
2007-11-13,sz.000338,4.3039750000,4.3672687500,4.1419430000,4.1966288000,4.2533400000,2935416,245453510.8300,2,1.672478,1,-1.333337,27.964956,8.664223,2.711211,28.705483
2007-11-14,sz.000338,4.2634670000,4.3748640000,4.1596652500,4.3546100000,4.1966288000,2351228,199136302.2200,2,1.339632,1,3.764482,29.017691,8.990386,2.813274,29.786095
2007-11-15,sz.000338,4.3546100000,4.3844846500,4.2513146000,4.2634670000,4.3546100000,2269755,193164685.1400,2,1.293212,1,-2.093027,28.410344,8.802215,2.754391,29.162665
2007-11-16,sz.000338,4.2027050000,4.2563781000,4.1272588500,4.2482765000,4.2634670000,1913758,157386462.9200,2,1.090380,1,-0.356289,28.309120,8.770853,2.744577,29.058760
2007-11-19,sz.000338,4.2037177000,4.3141020000,4.1723240000,4.2887845000,4.2482765000,1564034,132060906.4800,2,0.891122,1,0.953511,28.579052,8.854485,2.770747,29.335840
2007-11-20,sz.000338,4.2533400000,4.3622052500,4.2027050000,4.3292925000,4.2887845000,1913476,162543401.9500,2,1.090219,1,0.944514,28.848984,8.938116,2.796917,29.612920
2007-11-21,sz.000338,4.3546100000,4.4204355000,4.2786575000,4.2842273500,4.3292925000,1263834,108800708.8900,2,0.720080,1,-1.040935,28.548684,8.845076,2.767803,29.304669
2007-11-22,sz.000338,4.2032113500,4.2381495000,4.0761175000,4.0958651500,4.2842273500,1708612,140272292.0400,2,0.973496,1,-4.396645,27.293501,8.456190,2.646113,28.016247
2007-11-23,sz.000338,4.0862445000,4.1252334500,4.0001650000,4.0619397000,4.0958651500,1805986,144136961.9900,2,1.028976,1,-0.828283,27.067432,8.386148,2.624195,27.784192
2007-11-26,sz.000338,4.1424493500,4.1667541500,4.0508000000,4.0508000000,4.0619397000,1487564,120877674.7200,2,0.847552,1,-0.274247,26.993201,8.363150,2.616999,27.707995
2007-11-27,sz.000338,4.0305460000,4.0310523500,3.9044648500,3.9495300000,4.0508000000,1535579,120081217.3500,2,0.874909,1,-2.500000,26.318371,8.154071,2.551574,27.015296
2007-11-28,sz.000338,3.9495300000,3.9976332500,3.6963550000,3.8168663000,3.9495300000,1378325,105807746.0400,2,0.785312,1,-3.358978,25.434344,7.880178,2.465867,26.107859
2007-11-29,sz.000338,3.8497790500,3.9642141500,3.8178790000,3.9439601500,3.8168663000,1905217,147068968.4100,2,1.085514,1,3.329799,26.281256,8.142571,2.547975,26.977197
2007-11-30,sz.000338,3.9647205000,3.9895316500,3.8330695000,3.8680076500,3.9439601500,1622763,125297544.4200,2,0.924583,1,-1.925793,25.775133,7.985762,2.498907,26.457672
2007-12-03,sz.000338,3.8680076500,3.9799110000,3.8280060000,3.9226934500,3.8680076500,1034125,79996618.5200,2,0.589201,1,1.413800,26.139541,8.098665,2.534236,26.831730
2007-12-04,sz.000338,3.9394030000,3.9951015000,3.9394030000,3.9647205000,3.9226934500,953516,74665598.2000,2,0.543274,1,1.071385,26.419596,8.185433,2.561387,27.119201
2007-12-05,sz.000338,3.9647205000,4.0902953000,3.9313014000,4.0599143000,3.9647205000,1388364,110420815.6700,2,0.791032,1,2.401018,27.053936,8.381967,2.622887,27.770338
2007-12-06,sz.000338,4.0659905000,4.1166255000,3.9996586500,4.0153555000,4.0599143000,956348,76587901.2900,2,0.544887,1,-1.097527,26.757011,8.289972,2.594100,27.465550
2007-12-07,sz.000338,4.0508000000,4.1348541000,3.9925697500,4.0806746500,4.0153555000,1081613,86759515.5400,2,0.616258,1,1.626725,27.192276,8.424828,2.636299,27.912342
2007-12-10,sz.000338,4.0072539000,4.1885272000,3.9925697500,4.1520700000,4.0806746500,1829704,149647505.4600,2,1.042489,1,1.749601,27.668031,8.572228,2.682424,28.400695
2007-12-11,sz.000338,4.1576398500,4.2589098500,4.1566271500,4.1885272000,4.1520700000,2182776,181268133.8100,2,1.243655,1,0.878050,27.910970,8.647497,2.705977,28.650067
2007-12-12,sz.000338,4.2027050000,4.2280225000,4.1216890000,4.2280225000,4.1885272000,1390818,114453798.4900,2,0.792430,1,0.942939,28.174154,8.729037,2.731492,28.920220
2007-12-13,sz.000338,4.2128320000,4.2128320000,3.9900380000,3.9991523000,4.2280225000,2154236,173737911.7200,2,1.227394,1,-5.413170,26.649038,8.256519,2.583632,27.354718
2007-12-14,sz.000338,3.9723157500,4.0406730000,3.8735775000,4.0356095000,3.9991523000,2099262,163493871.3100,2,1.196072,1,0.911615,26.891977,8.331788,2.607185,27.604090
2007-12-17,sz.000338,4.0204190000,4.0254825000,3.9394030000,3.9495300000,4.0356095000,1738726,136233773.8500,2,0.990654,1,-2.132995,26.318371,8.154071,2.551574,27.015296
2007-12-18,sz.000338,3.8988950000,4.0508000000,3.8988950000,4.0001650000,3.9495300000,1511093,119432549.0300,2,0.860958,1,1.282051,26.655786,8.258610,2.584286,27.361645
2007-12-19,sz.000338,4.0102920000,4.1090302500,4.0001650000,4.1075112000,4.0001650000,1232722,99199158.1700,2,0.702354,1,2.683548,27.371106,8.480234,2.653637,28.095907
2007-12-20,sz.000338,4.1520700000,4.1773875000,4.1090302500,4.1495382500,4.1075112000,942947,77191860.0200,2,0.537252,1,1.023168,27.651160,8.567001,2.680788,28.383378
2007-12-21,sz.000338,4.1520700000,4.2528336500,4.1216890000,4.2508082500,4.1495382500,1743352,144556185.3800,2,0.993290,1,2.440513,28.325990,8.776080,2.746213,29.076078
2007-12-25,sz.000338,4.3880291000,4.4128402500,4.2705559000,4.3039750000,4.2508082500,2816241,241705928.3500,2,1.604577,1,1.250748,28.680276,8.885846,2.780561,29.439745
2007-12-26,sz.000338,4.3039750000,4.4138529500,4.2943543500,4.4037259500,4.3039750000,3042567,261501940.1500,2,1.733528,1,2.317649,29.344984,9.091789,2.845005,30.122055
2007-12-27,sz.000338,4.4305625000,4.4715768500,4.4027132500,4.4143593000,4.4037259500,2095855,183011916.6400,2,1.194131,1,0.241461,29.415841,9.113742,2.851874,30.194788
2007-12-28,sz.000338,4.4153720000,4.4305625000,4.3191655000,4.3849910000,4.4143593000,1593593,137066235.8500,2,0.907963,1,-0.665292,29.220140,9.053109,2.832901,29.993905
2008-01-02,sz.000338,4.3900545000,4.3900545000,4.2806829000,4.2978988000,4.3849910000,2110668,179392807.7300,2,1.202571,1,-1.986145,28.639786,8.873302,2.776636,29.398183
2008-01-03,sz.000338,4.2984051500,4.3348623500,4.2396685500,4.2533400000,4.2978988000,2690393,226283246.4400,2,1.532874,1,-1.036754,28.342861,8.781307,2.747849,29.093395
2008-01-04,sz.000338,4.2680241500,4.3951180000,4.2680241500,4.3733449500,4.2533400000,2065786,177672381.8500,2,1.176999,1,2.821432,29.142535,9.029065,2.825377,29.914245
2008-01-07,sz.000338,4.3804338500,4.4027132500,4.3277734500,4.3348623500,4.3733449500,3098050,266216112.7500,2,1.765140,1,-0.879938,28.886099,8.949615,2.800516,29.651019
2008-01-08,sz.000338,4.3546100000,4.7652598500,4.3546100000,4.6786740000,4.3348623500,7602405,694723963.4200,2,4.331535,1,7.931317,31.177147,9.659438,3.022633,32.002735
2008-01-09,sz.000338,4.7586773000,4.9100759500,4.7090550000,4.8356425000,4.6786740000,5847960,558205998.9600,2,3.331925,1,3.354977,32.223134,9.983510,3.124042,33.076420
2008-01-10,sz.000338,4.8356425000,4.9019743500,4.7607027000,4.8508330000,4.8356425000,3240773,309022295.1600,2,1.846458,1,0.314139,32.324358,10.014872,3.133856,33.180324
2008-01-11,sz.000338,4.8356425000,4.9242537500,4.7596900000,4.9141267500,4.8508330000,3151756,301829981.1600,2,1.795740,1,1.304802,32.746127,10.145546,3.174746,33.613262
2008-01-14,sz.000338,4.9445077500,4.9667871500,4.8153885000,4.9191902500,4.9141267500,3228826,311530834.4000,2,1.839651,1,0.103038,32.779869,10.156000,3.178018,33.647897
2008-01-15,sz.000338,4.9105823000,4.9115950000,4.7895646500,4.7900710000,4.9191902500,2461388,235588274.1300,2,1.402397,1,-2.624810,31.919460,9.889424,3.094601,32.764705
2008-01-16,sz.000338,4.7141185000,4.7774122500,4.5166420000,4.5343642500,4.7900710000,3629605,332760892.9900,2,2.067998,1,-5.338262,30.215515,9.361500,2.929403,31.015637
2008-01-17,sz.000338,4.5014515000,4.6482930000,4.4052450000,4.6062659500,4.5343642500,3946219,353885704.0000,2,2.248392,1,1.585704,30.694644,9.509946,2.975855,31.507454
2008-01-18,sz.000338,4.5612008000,4.6163929500,4.4837292500,4.5829738500,4.6062659500,1698994,152861014.4000,2,0.968016,1,-0.505660,30.539433,9.461858,2.960807,31.348133
2008-01-21,sz.000338,4.5875310000,4.5875310000,4.2340987000,4.2411876000,4.5829738500,3264418,283179209.8800,2,1.859930,1,-7.457739,28.261882,8.756218,2.739998,29.010271
2008-01-22,sz.000338,4.0508000000,4.1723240000,3.8280060000,3.8482600000,4.2411876000,3856268,301082556.9500,2,2.197141,1,-9.264567,25.643541,7.944992,2.486149,26.322596
2008-01-23,sz.000338,3.9394030000,4.0761175000,3.8685140000,4.0001650000,3.8482600000,3230089,253507084.3300,2,1.840371,1,3.947368,26.655786,8.258610,2.584286,27.361645
2008-01-24,sz.000338,4.0735857500,4.2776448000,3.9900380000,4.2330860000,4.0001650000,3732486,306909671.1900,2,2.126616,1,5.822783,28.207895,8.739491,2.734764,28.954855
2008-01-25,sz.000338,4.2330860000,4.3029623000,4.1014350000,4.1424493500,4.2330860000,1655939,137829832.1600,2,0.943485,1,-2.141150,27.603922,8.552366,2.676208,28.334889
2008-01-28,sz.000338,4.1014350000,4.2963797500,3.9839618000,4.1778938500,4.1424493500,4246285,345901236.1400,2,2.419357,1,0.855647,27.840113,8.625543,2.699107,28.577334
2008-01-29,sz.000338,4.1672605000,4.2877718000,4.1292842500,4.1773875000,4.1778938500,2295443,190069677.8300,2,1.307848,1,-0.012122,27.836739,8.624498,2.698780,28.573870
2008-01-30,sz.000338,4.2133383500,4.2533400000,4.0963715000,4.1059921500,4.1773875000,1498944,123079484.1600,2,0.854036,1,-1.709095,27.360984,8.477097,2.652655,28.085517
2008-01-31,sz.000338,4.0953588000,4.0963715000,3.9748475000,4.0052285000,4.1059921500,1314932,104844335.3300,2,0.749194,1,-2.454061,26.689528,8.269064,2.587557,27.396280
2008-02-01,sz.000338,3.9545935000,4.0482682500,3.7216725000,3.8887680000,4.0052285000,1681656,128647470.0300,2,0.958138,1,-2.907706,25.913473,8.028624,2.512319,26.599676
2008-02-04,sz.000338,4.0508000000,4.2219463000,3.9642141500,4.2001732500,3.8887680000,2054948,168437498.6700,2,1.170824,1,8.007804,27.988575,8.671541,2.713500,28.729728
2008-02-05,sz.000338,4.1778938500,4.2786575000,4.1105493000,4.1763748000,4.2001732500,1187030,98471498.9800,2,0.676320,1,-0.566599,27.829990,8.622407,2.698126,28.566943
2008-02-13,sz.000338,4.1343477500,4.1343477500,3.9829491000,4.0280142500,4.1763748000,929614,74708897.0400,2,0.529655,1,-3.552377,26.841364,8.316107,2.602278,27.552138
2008-02-14,sz.000338,4.0508000000,4.1267525000,4.0305460000,4.0913080000,4.0280142500,908488,73372332.0000,2,0.517619,1,1.571339,27.263133,8.446781,2.643169,27.985075
2008-02-15,sz.000338,4.0705476500,4.0847254500,4.0006713500,4.0751048000,4.0913080000,662029,52896267.5400,2,0.377197,1,-0.396039,27.155160,8.413328,2.632701,27.874243
2008-02-18,sz.000338,4.1059921500,4.1890335500,4.1014350000,4.1308033000,4.0751048000,958930,78777226.9400,2,0.546358,1,1.366797,27.526317,8.528322,2.668684,28.255228
2008-02-19,sz.000338,4.1267525000,4.2811892500,4.1064985000,4.2335923500,4.1308033000,987904,81939856.0400,2,0.562867,1,2.488353,28.211269,8.740537,2.735091,28.958319
2008-02-20,sz.000338,4.2523273000,4.3596735000,4.1773875000,4.2027050000,4.2335923500,1651945,139376167.2800,2,0.941210,1,-0.729579,28.005446,8.676768,2.715136,28.747045
2008-02-21,sz.000338,4.1925780000,4.2330860000,4.1525763500,4.2006796000,4.2027050000,1145396,94640066.5400,2,0.652599,1,-0.048194,27.991950,8.672586,2.713828,28.733191
2008-02-22,sz.000338,4.1824510000,4.2143510500,4.0508000000,4.0811810000,4.2006796000,1185369,96206883.1200,2,0.675374,1,-2.844745,27.195650,8.425873,2.636626,27.915805
2008-02-25,sz.000338,4.1267525000,4.1267525000,3.8523108000,3.8573743000,4.0811810000,990538,77334612.0200,2,0.564367,1,-5.483869,25.704276,7.963809,2.492037,26.384939
2008-02-26,sz.000338,3.9343395000,4.0300396500,3.7267360000,3.8381330000,3.8573743000,1244237,94534249.2600,2,0.708915,1,-0.498815,25.576058,7.924084,2.479606,26.253326
2008-02-27,sz.000338,3.8735775000,3.9642141500,3.8381330000,3.9095283500,3.8381330000,822080,63327287.9300,2,0.468387,1,1.860153,26.051813,8.071485,2.525731,26.741679
2008-02-28,sz.000338,3.9090220000,3.9231998000,3.7874980000,3.7991440500,3.9095283500,2247280,169469576.4100,2,1.280407,1,-2.823469,25.316249,7.843589,2.454418,25.986636
2008-02-29,sz.000338,3.7976250000,3.8528171500,3.7525598500,3.8219298000,3.7991440500,1449303,109052250.5500,2,0.825753,1,0.599766,25.468085,7.890632,2.469138,26.142494
2008-03-03,sz.000338,3.7976250000,3.8857299000,3.7469900000,3.8548425500,3.8219298000,2664532,201831492.3800,2,1.518140,1,0.861147,25.687405,7.958582,2.490401,26.367621
2008-03-04,sz.000338,3.8983886500,3.8983886500,3.7247106000,3.7363566500,3.8548425500,3244471,242113370.0400,2,1.848565,1,-3.073685,24.897854,7.713960,2.413854,25.557162
2008-03-05,sz.000338,3.7064820000,3.7368630000,3.4836880000,3.5824262500,3.7363566500,3600507,254392128.6500,2,2.051419,1,-4.119801,23.872112,7.396160,2.314408,24.504258
2008-03-06,sz.000338,3.5925532500,3.6355930000,3.4588768500,3.5444500000,3.5824262500,4006819,280612646.9600,2,2.282919,1,-1.060071,23.619051,7.317756,2.289874,24.244496
2008-03-07,sz.000338,3.5191325000,3.5191325000,3.4117863000,3.4153307500,3.5444500000,3567680,243028327.5100,2,2.032716,1,-3.642862,22.758643,7.051180,2.206457,23.361304
2008-03-10,sz.000338,3.4229260000,3.4760927500,3.3115290000,3.3419100000,3.4153307500,3108015,208525781.6800,2,1.770818,1,-2.149736,22.269391,6.899598,2.159024,22.859096
2008-03-11,sz.000338,3.3419100000,3.3419100000,3.1343065000,3.2401336500,3.3419100000,5069859,321911777.0200,2,2.888595,1,-3.045452,21.591187,6.689474,2.093272,22.162933
2008-04-30,sz.000338,2.9160696500,3.5586278000,2.9160696500,3.5520452500,3.2401336500,10038493,660644206.8000,2,5.719516,1,9.626503,14.747446,5.149052,1.159722,80.994862
2008-05-05,sz.000338,3.7971186500,3.7971186500,3.5874897500,3.6887597500,3.5520452500,9114476,663781727.6300,2,5.193050,1,3.848891,15.315060,5.347234,1.204359,84.112269
2008-05-06,sz.000338,3.6852153000,3.6852153000,3.5044483500,3.5358420500,3.6887597500,6559874,462470928.0400,2,3.737544,1,-4.145500,14.680173,5.125564,1.154432,80.625392
2008-05-07,sz.000338,3.5090055000,3.5890088000,3.3165925000,3.3216560000,3.5358420500,5656156,387612528.4000,2,3.222643,1,-6.057573,13.790912,4.815080,1.084501,75.741453
2008-05-08,sz.000338,3.2811480000,3.4224196500,3.2234241000,3.3965958000,3.3216560000,3527740,231897602.8800,2,2.009960,1,2.256103,14.102048,4.923712,1.108969,77.450254
2008-05-09,sz.000338,3.4036847000,3.4644467000,3.2659575000,3.3064655000,3.3965958000,4082730,269320170.9200,2,2.326170,1,-2.653546,13.727843,4.793059,1.079542,75.395075
2008-05-12,sz.000338,3.2836797500,3.3520370000,3.1596240000,3.3150734500,3.3064655000,3614566,233313169.1400,2,2.059430,1,0.260334,13.763582,4.805537,1.082352,75.591356
2008-05-13,sz.000338,3.2183606000,3.3110226500,3.1925367500,3.2411463500,3.3150734500,2857687,183011798.3400,2,1.628191,1,-2.230027,13.456650,4.698373,1.058216,73.905647
2008-05-14,sz.000338,3.2401336500,3.3783672000,3.2355765000,3.3530497000,3.2411463500,2575311,170020896.2400,2,1.467305,1,3.452584,13.921253,4.860588,1.094751,76.457302
2008-05-15,sz.000338,3.3773545000,3.5135626500,3.3758354500,3.3925450000,3.3530497000,3190077,217674937.1700,2,1.817573,1,1.177890,14.085230,4.917840,1.107646,77.357887
2008-05-16,sz.000338,3.4082418500,3.5429309500,3.3900132500,3.4684975000,3.3925450000,4250542,290950977.5900,2,2.421782,1,2.238806,14.400571,5.027941,1.132444,79.089780
2008-05-19,sz.000338,3.4634340000,3.4684975000,3.3672275000,3.4178625000,3.4684975000,1898005,127705416.8400,2,1.081404,1,-1.459854,14.190344,4.954541,1.115912,77.935184
2008-05-20,sz.000338,3.4178625000,3.4634340000,3.2001320000,3.2229177500,3.4178625000,2579235,170946964.1800,2,1.469541,1,-5.703701,13.380968,4.671948,1.052264,73.489992
2008-05-21,sz.000338,3.1950685000,3.2457035000,3.1165842500,3.2087399500,3.2229177500,3198163,200221318.4300,2,1.822180,1,-0.439910,13.322105,4.651396,1.047635,73.166706
2008-05-22,sz.000338,3.2087399500,3.2087399500,3.1292430000,3.1368382500,3.2087399500,2694252,167545897.8500,2,1.535073,1,-2.240805,13.023582,4.547167,1.024160,71.527180
2008-05-23,sz.000338,3.1368382500,3.1611430500,3.0284793500,3.0573413000,3.1368382500,1829721,111177275.5300,2,1.042499,1,-2.534301,12.693525,4.431928,0.998204,69.714466
2008-05-26,sz.000338,3.0401254000,3.0735445000,2.9682237000,2.9732872000,3.0573413000,2035539,121189620.3500,2,1.159766,1,-2.749254,12.344548,4.310083,0.970761,67.797837
2008-05-27,sz.000338,2.9742999000,3.1019001000,2.9494887500,3.1019001000,2.9732872000,4155992,246484589.6200,2,2.367912,1,4.325608,12.878525,4.496521,1.012752,70.730510
2008-05-28,sz.000338,3.1039255000,3.1540541500,3.0375936500,3.1064572500,3.1019001000,2991019,182828930.8300,2,1.704158,1,0.146915,12.897446,4.503127,1.014240,70.834423
2008-05-29,sz.000338,3.1084826500,3.1089890000,2.9925285000,3.0001237500,3.1064572500,1920324,116052303.7600,2,1.094121,1,-3.422980,12.455968,4.348986,0.979523,68.409773
2008-05-30,sz.000338,3.0031618500,3.0431635000,2.9813888000,3.0234158500,3.0001237500,1813125,107804191.2400,2,1.033043,1,0.776370,12.552673,4.382750,0.987128,68.940887
2008-06-02,sz.000338,3.0122761500,3.0178460000,2.9611348000,2.9975920000,3.0234158500,1245932,73616233.2700,2,0.709880,1,-0.854125,12.445457,4.345316,0.978696,68.352043
2008-06-03,sz.000338,2.9975920000,3.0173396500,2.9575903500,2.9879713500,2.9975920000,993671,58625979.3900,2,0.566152,1,-0.320950,12.405514,4.331370,0.975555,68.132670
2008-06-04,sz.000338,2.9879713500,2.9879713500,2.9307538000,2.9682237000,2.9879713500,1028855,59895552.1800,2,0.586199,1,-0.660904,12.323525,4.302743,0.969108,67.682378
2008-06-05,sz.000338,2.9342982500,2.9672110000,2.9277157000,2.9418935000,2.9682237000,733944,42696295.5500,2,0.418171,1,-0.887070,12.214207,4.264575,0.960511,67.081988
2008-06-06,sz.000338,2.9520205000,2.9621475000,2.9115125000,2.9317665000,2.9418935000,1244114,71971243.1700,2,0.708844,1,-0.344229,12.172161,4.249895,0.957205,66.851069
2008-06-10,sz.000338,2.8355600000,2.8355600000,2.6385898500,2.6385898500,2.9317665000,2519045,134418059.1800,2,1.435247,1,-10.000000,10.954945,3.824905,0.861484,60.165962
2008-06-11,sz.000338,2.5332690500,2.6330200000,2.4603546500,2.4755451500,2.6385898500,2114943,105569502.9900,2,1.205007,1,-6.179238,10.278013,3.588555,0.808251,56.448165
2008-06-12,sz.000338,2.4811150000,2.5165595000,2.3383243000,2.4016180500,2.4755451500,2325983,110474232.1200,2,1.325249,1,-2.986294,9.971081,3.481391,0.784114,54.762456
2008-06-13,sz.000338,2.4011117000,2.4299736500,2.2461686000,2.2481940000,2.4016180500,1881651,86302450.2800,2,1.072087,1,-6.388360,9.334093,3.258987,0.734022,51.264032
2008-06-16,sz.000338,2.2522448000,2.2785750000,2.0805921500,2.1443922500,2.2481940000,2407371,102847061.2700,2,1.371620,1,-4.617124,8.903127,3.108516,0.700132,48.897112
2008-06-17,sz.000338,2.1443922500,2.1833812000,2.0583127500,2.0613508500,2.1443922500,1853735,77501294.0500,2,1.056181,1,-3.872490,8.558354,2.988139,0.673019,47.003576
2008-06-18,sz.000338,2.0618572000,2.2522448000,2.0264127000,2.2405987500,2.0613508500,3906381,168310428.9900,2,2.225694,1,8.695655,9.302559,3.247977,0.731543,51.090843
2008-06-20,sz.000338,2.0709715000,2.3545275000,2.0507175000,2.1231255500,2.2405987500,5662570,246306890.2300,2,3.226297,1,-5.242937,8.814831,3.077687,0.693188,48.412182
2008-06-23,sz.000338,2.1236319000,2.1773050000,2.0765413500,2.1018588500,2.1231255500,1718641,72079420.2500,2,0.979210,1,-1.001674,8.726536,3.046859,0.686245,47.927252
2008-06-24,sz.000338,2.0760350000,2.1494557500,2.0618572000,2.1266700000,2.1018588500,1609664,67087991.7700,2,0.917120,1,1.180443,8.829547,3.082825,0.694345,48.493004
2008-06-25,sz.000338,2.1195811000,2.2573083000,2.1079350500,2.2542702000,2.1266700000,3742620,163251048.4500,2,2.132389,1,6.000001,9.359320,3.267795,0.736006,51.402584
2008-06-26,sz.000338,2.2380670000,2.3038925000,2.1874320000,2.2436368500,2.2542702000,3462923,153185497.2300,2,1.973030,1,-0.471696,9.315172,3.252381,0.732534,51.160119
2008-06-27,sz.000338,2.1494557500,2.1762923000,2.0497048000,2.0659080000,2.2436368500,2999015,124511989.8000,2,1.708714,1,-7.921467,8.577274,2.994745,0.674507,47.107489
2008-06-30,sz.000338,2.0259063500,2.0962890000,1.9697015000,2.0405905000,2.0659080000,2218223,88813796.4200,2,1.263851,1,-1.225490,8.472161,2.958044,0.666241,46.530192
2008-07-01,sz.000338,2.0355270000,2.1216065000,2.0142603000,2.0461603500,2.0405905000,2482008,101358798.4600,2,1.414145,1,0.272954,8.495286,2.966118,0.668060,46.657197
2008-07-02,sz.000338,2.0755286500,2.0967953500,2.0365397000,2.0633762500,2.0461603500,1335797,54469461.2100,2,0.761082,1,0.841376,8.566763,2.991075,0.673680,47.049759
2008-07-03,sz.000338,2.0456540000,2.1930018500,1.9747650000,2.1266700000,2.0633762500,3472969,144305072.9700,2,1.978754,1,3.067485,8.829547,3.082825,0.694345,48.493004
2008-07-04,sz.000338,2.1211001500,2.1443922500,2.0659080000,2.0912255000,2.1266700000,1532617,63645798.4300,2,0.873222,1,-1.666668,8.682388,3.031445,0.682773,47.684787
2008-07-07,sz.000338,2.1135049000,2.2279400000,2.1064160000,2.2188257000,2.0912255000,3974676,170978357.6100,2,2.264605,1,6.101696,9.212161,3.216414,0.724434,50.594367
2008-07-08,sz.000338,2.2583210000,2.3190830000,2.2228765000,2.2785750000,2.2188257000,5464426,245866199.4700,2,3.113403,1,2.692835,9.460229,3.303027,0.743942,51.956790
2008-07-09,sz.000338,2.3013607500,2.3585783000,2.2527511500,2.3393370000,2.2785750000,6463135,294014361.7600,2,3.682426,1,2.666668,9.712502,3.391108,0.763780,53.342304
2008-07-10,sz.000338,2.2937655000,2.5201039500,2.2724988000,2.3798450000,2.3393370000,6706241,315478092.7400,2,3.820938,1,1.731600,9.880684,3.449828,0.777006,54.265980
2008-07-11,sz.000338,2.3570592500,2.4446578000,2.3190830000,2.3519957500,2.3798450000,4137714,194229296.9100,2,2.357498,1,-1.170211,9.765059,3.409458,0.767913,53.630953
2008-07-14,sz.000338,2.3231338000,2.3519957500,2.2740178500,2.3297163500,2.3519957500,3001389,136918763.7600,2,1.710067,1,-0.947260,9.672559,3.377162,0.760639,53.122931
2008-07-15,sz.000338,2.3352862000,2.3494640000,2.1950272500,2.1955336000,2.3297163500,3744016,166944361.1300,2,2.133185,1,-5.759613,9.115456,3.182650,0.716829,50.063253
2008-07-16,sz.000338,2.1747732500,2.1940145500,2.0507175000,2.0922382000,2.1955336000,2690604,113241598.0900,2,1.532994,1,-4.704799,8.686593,3.032913,0.683104,47.707879
2008-07-17,sz.000338,2.1423668500,2.1773050000,2.0724905500,2.0932509000,2.0922382000,2033247,85175773.0400,2,1.158460,1,0.048404,8.690797,3.034381,0.683434,47.730971
2008-07-18,sz.000338,2.1109731500,2.1793304000,2.0659080000,2.1570510000,2.0932509000,2587739,108789766.6900,2,1.474386,1,3.047892,8.955683,3.126866,0.704265,49.185761
2008-07-21,sz.000338,2.1266700000,2.2431305000,2.1170493500,2.2319908000,2.1570510000,2995613,129825839.8900,2,1.706776,1,3.474186,9.266820,3.235499,0.728732,50.894562
2008-07-22,sz.000338,2.2319908000,2.2881956500,2.2152812500,2.2476876500,2.2319908000,2495491,110789906.0200,2,1.421827,1,0.703261,9.331990,3.258253,0.733857,51.252486
2008-07-23,sz.000338,2.2562956000,2.2937655000,2.2036352000,2.2233828500,2.2476876500,2378658,106179929.9600,2,1.355261,1,-1.081324,9.231081,3.223020,0.725922,50.698281
2008-07-24,sz.000338,2.3297163500,2.3499703500,2.2740178500,2.3195893500,2.2233828500,3772018,172142433.1400,2,2.149139,1,4.327036,9.630513,3.362482,0.757332,52.892012
2008-07-25,sz.000338,2.3033861500,2.3606037000,2.2780686500,2.3317417500,2.3195893500,2971036,136719956.8600,2,1.692773,1,0.523898,9.680968,3.380098,0.761300,53.169115
2008-07-28,sz.000338,2.3687053000,2.3980736000,2.3297163500,2.3388306500,2.3317417500,2315019,107782623.5100,2,1.319002,1,0.304016,9.710400,3.390374,0.763615,53.330758
2008-07-29,sz.000338,2.3190830000,2.3190830000,2.2416114500,2.2547765500,2.3388306500,2031388,91173669.8900,2,1.157401,1,-3.593851,9.361422,3.268529,0.736171,51.414130
2008-07-30,sz.000338,2.2932591500,2.3368052500,2.2633845000,2.2785750000,2.2547765500,1808603,82150219.2200,2,1.030467,1,1.055471,9.460229,3.303027,0.743942,51.956790
2008-07-31,sz.000338,2.3043988500,2.3089560000,2.2076860000,2.2076860000,2.2785750000,1698141,75139400.5900,2,0.967530,1,-3.111115,9.165911,3.200266,0.720797,50.340356
2008-08-01,sz.000338,2.1950272500,2.2750305500,2.1722415000,2.2481940000,2.2076860000,1322445,57995096.1100,2,0.753474,1,1.834900,9.334093,3.258987,0.734022,51.264032
2008-08-04,sz.000338,2.2426241500,2.2456622500,2.1798367500,2.1798367500,2.2481940000,1085477,47525817.5300,2,0.618460,1,-3.040500,9.050286,3.159896,0.711704,49.705329
2008-08-05,sz.000338,2.1803431000,2.2147749000,2.1367970000,2.1443922500,2.1798367500,1308123,56121120.2000,2,0.745314,1,-1.626000,8.903127,3.108516,0.700132,48.897112
2008-08-06,sz.000338,2.1712288000,2.2005971000,2.1165430000,2.1757859500,2.1443922500,1285619,54951275.9500,2,0.732492,1,1.464000,9.033468,3.154024,0.710382,49.612961
2008-08-07,sz.000338,2.1717351500,2.2000907500,2.1292017500,2.1550256000,2.1757859500,1233996,52776006.8500,2,0.703080,1,-0.954200,8.947274,3.123930,0.703603,49.139577
2008-08-08,sz.000338,2.1605954500,2.1823685000,2.0152730000,2.0304635000,2.1550256000,1565985,64647768.4200,2,0.892233,1,-5.780100,8.430115,2.943364,0.662935,46.299273
2008-08-11,sz.000338,2.0254000000,2.0456540000,1.8431140000,1.8532410000,2.0304635000,2559343,96808499.5100,2,1.458207,1,-8.728200,7.694320,2.686462,0.605072,42.258189
2008-08-12,sz.000338,1.8238727000,1.8785585000,1.8167838000,1.8532410000,1.8532410000,1256825,45891788.5700,2,0.716087,1,0.000000,7.694320,2.686462,0.605072,42.258189
2008-08-13,sz.000338,1.8532410000,1.8537473500,1.7534900500,1.8228600000,1.8532410000,2043116,72893895.9400,2,1.164083,1,-1.639300,7.568183,2.642422,0.595153,41.565432
2008-08-14,sz.000338,1.8228600000,1.8481775000,1.8117203000,1.8177965000,1.8228600000,2151946,77627689.0300,2,1.226089,1,-0.277800,7.547160,2.635082,0.593500,41.449972
2008-08-15,sz.000338,1.8223996500,1.9069836000,1.7921544800,1.8875036600,1.8177859800,2581166,93228833.5800,2,1.470641,1,3.835300,7.740570,2.702610,0.608709,42.512200
2008-08-18,sz.000338,1.8905794400,1.8967310000,1.8136849400,1.8259880600,1.8875036600,1755944,63085087.9400,2,1.000464,1,-3.259100,7.488297,2.614529,0.588871,41.126685
2008-08-19,sz.000338,1.8018944500,1.8864784000,1.8018944500,1.8813521000,1.8259880600,1631478,59197094.8300,2,0.929548,1,3.032000,7.715342,2.693802,0.606726,42.373648
2008-08-21,sz.000338,2.0694873100,2.0694873100,1.9736255000,1.9736255000,1.8813521000,9019999,356563285.1900,2,5.139221,1,4.904600,7.084322,2.588963,0.574371,9.004161
2008-08-22,sz.000338,1.9479940000,2.0684620500,1.9418424400,2.0443684400,1.9736255000,4674029,184047617.9300,2,2.663068,1,3.584400,7.338254,2.681762,0.594958,9.326907
2008-08-25,sz.000338,2.0505200000,2.0607726000,1.9761886500,1.9838781000,2.0443684400,3224071,126702145.8000,2,1.836942,1,-2.958900,7.121124,2.602412,0.577354,9.050935
2008-08-26,sz.000338,1.9454308500,1.9623476400,1.9044204500,1.9597844900,1.9838781000,2565940,96969232.8100,2,1.461966,1,-1.214500,7.034640,2.570807,0.570342,8.941014
2008-08-27,sz.000338,1.9474813700,1.9936180700,1.9095467500,1.9300519500,1.9597844900,1693694,64057182.1200,2,0.964997,1,-1.517100,6.927915,2.531804,0.561690,8.805367
2008-08-28,sz.000338,1.9372287700,1.9915675500,1.9131351600,1.9731128700,1.9300519500,1599494,61111748.9700,2,0.911325,1,2.231100,7.082482,2.588291,0.574221,9.001822
2008-08-29,sz.000338,1.9813149500,2.0653862700,1.9761886500,2.0494947400,1.9731128700,3190649,126588516.1200,2,1.817899,1,3.871100,7.356655,2.688487,0.596450,9.350294
2008-09-01,sz.000338,2.0428305500,2.0428305500,1.9469687400,1.9531203000,2.0494947400,2408873,93000483.6100,2,1.372476,1,-4.702400,7.010719,2.562065,0.568403,8.910611
2008-09-02,sz.000338,1.9372287700,1.9731128700,1.9069836000,1.9315898400,1.9531203000,1556443,58939837.4300,2,0.886797,1,-1.102400,6.933435,2.533822,0.562137,8.812384
2008-09-03,sz.000338,1.9315898400,1.9505571500,1.8382911800,1.8639226800,1.9315898400,2422631,88959604.4500,2,1.380315,1,-3.503200,6.690544,2.445057,0.542444,8.503670
2008-09-04,sz.000338,1.8710995000,1.9177488300,1.8464932600,1.8946804800,1.8639226800,907577,33287125.3300,2,0.517100,1,1.650200,6.800949,2.485405,0.551396,8.643994
2008-09-05,sz.000338,1.8403417000,1.8557206000,1.7972807800,1.8018944500,1.8946804800,1965041,69942548.7900,2,1.119599,1,-4.897200,6.467894,2.363690,0.524393,8.220682
2008-09-08,sz.000338,1.8188112400,1.8321396200,1.7521693400,1.7547324900,1.8018944500,1624042,56498314.2400,2,0.925312,1,-2.617400,6.298607,2.301824,0.510668,8.005517
2008-09-09,sz.000338,1.7685735000,1.8141975700,1.7429420000,1.7880534400,1.7547324900,1496298,51823413.8100,2,0.852528,1,1.898900,6.418212,2.345533,0.520365,8.157536
2008-09-10,sz.000338,1.7685735000,1.8634100500,1.7557577500,1.8024070800,1.7880534400,1416064,50181614.2000,2,0.806814,1,0.802800,6.469734,2.364362,0.524542,8.223020
2008-09-11,sz.000338,1.7942050000,1.8393164400,1.7649850900,1.7762629500,1.8024070800,1091398,38209515.6000,2,0.621833,1,-1.450500,6.375890,2.330067,0.516933,8.103744
2008-09-12,sz.000338,1.7762629500,1.8352154000,1.7736998000,1.8172733500,1.7762629500,1657025,58697561.3300,2,0.944104,1,2.308800,6.523097,2.383863,0.528868,8.290844
2008-09-16,sz.000338,1.7942050000,1.8326522500,1.7736998000,1.7972807800,1.8172733500,2242615,78904545.4700,2,1.277749,1,-1.100100,6.451333,2.357638,0.523050,8.199633
2008-09-17,sz.000338,1.7993313000,1.8490564100,1.7870281800,1.8090712700,1.7972807800,2294949,81382504.0100,2,1.307567,1,0.656000,6.493655,2.373104,0.526481,8.253424
2008-09-18,sz.000338,1.7788261000,1.7936923700,1.6281128800,1.6886032200,1.8090712700,3729756,123135406.3000,2,2.125060,1,-6.659100,6.061236,2.215077,0.491422,7.703819
2008-09-19,sz.000338,1.8557206000,1.8572584900,1.8249628000,1.8572584900,1.6886032200,2573704,93102485.0200,2,1.466390,1,9.987900,6.666623,2.436315,0.540505,8.473266
2008-09-22,sz.000338,1.9864412500,2.0428305500,1.8710995000,1.9633729000,1.8572584900,6830136,261780789.4900,2,3.891528,1,5.713500,7.047521,2.575514,0.571387,8.957386
2008-09-23,sz.000338,1.8762258000,1.9069836000,1.8572584900,1.8582837500,1.9633729000,2922177,107137313.4600,2,1.664935,1,-5.352500,6.670303,2.437660,0.540803,8.477943
2008-09-24,sz.000338,1.8306017300,1.8336775100,1.7860029200,1.8336775100,1.8582837500,1754842,62135015.4700,2,0.999836,1,-1.324100,6.581979,2.405382,0.533642,8.365684
2008-09-25,sz.000338,1.8459806300,1.9479940000,1.8454680000,1.9213372400,1.8336775100,3322550,123959223.5600,2,1.893051,1,4.780500,6.896634,2.520372,0.559153,8.765609
2008-09-26,sz.000338,1.9474813700,2.0089969700,1.9377414000,1.9936180700,1.9213372400,4855170,187579702.3400,2,2.766274,1,3.762000,7.156086,2.615189,0.580189,9.095371
2008-10-06,sz.000338,1.9736255000,1.9736255000,1.9059583400,1.9059583400,1.9936180700,2342775,88461543.2900,2,1.334816,1,-4.397000,6.841431,2.500199,0.554678,8.695446
2008-10-07,sz.000338,1.8429048500,1.9182614600,1.8254754300,1.8967310000,1.9059583400,1524667,55393675.4300,2,0.868692,1,-0.484100,6.808310,2.488094,0.551992,8.653349
2008-10-08,sz.000338,1.8710995000,1.8869910300,1.8275259500,1.8454680000,1.8967310000,1866264,67388788.4200,2,1.063320,1,-2.702700,6.624301,2.420849,0.537074,8.419475
2008-10-09,sz.000338,1.8762258000,1.8905794400,1.8531574500,1.8603342700,1.8454680000,1935882,70694233.0800,2,1.102985,1,0.805600,6.677664,2.440350,0.541400,8.487298
2008-10-10,sz.000338,1.7890787000,1.8070207500,1.7531946000,1.7547324900,1.8603342700,1621201,56098287.8500,2,0.923693,1,-5.676500,6.298607,2.301824,0.510668,8.005517
2008-10-13,sz.000338,1.7557577500,1.8577711200,1.6814264000,1.8562332300,1.7547324900,1883812,64166546.9600,2,1.073318,1,5.784400,6.662943,2.434970,0.540207,8.468588
2008-10-14,sz.000338,1.9197993500,1.9428677000,1.7983060400,1.7998439300,1.8562332300,1518121,55684874.8600,2,0.864962,1,-3.037800,6.460534,2.361000,0.523796,8.211327
2008-10-15,sz.000338,1.8147102000,1.8182986100,1.7839524000,1.7936923700,1.7998439300,900692,31624802.5200,2,0.513177,1,-0.341800,6.438453,2.352930,0.522006,8.183262
2008-10-16,sz.000338,1.7326894000,1.7352525500,1.6404160000,1.6409286300,1.7936923700,1789670,58920432.4200,2,1.019680,1,-8.516700,5.890108,2.152538,0.477548,7.486316
2008-10-17,sz.000338,1.6860400700,1.6860400700,1.6147845000,1.6352897000,1.6409286300,1914567,61133213.1900,2,1.090841,1,-0.343600,5.869867,2.145141,0.475907,7.460590
2008-10-20,sz.000338,1.6404160000,1.6804011400,1.5789004000,1.6675853900,1.6352897000,1750243,55706328.8300,2,0.997216,1,1.974900,5.985792,2.187506,0.485306,7.607931
2008-10-21,sz.000338,1.6763001000,1.6916790000,1.6419538900,1.6455423000,1.6675853900,1860469,60477054.5600,2,1.060018,1,-1.321900,5.906669,2.158590,0.478891,7.507365
2008-10-22,sz.000338,1.6234992100,1.6455423000,1.5789004000,1.5891530000,1.6455423000,2244120,69977503.8000,2,1.278606,1,-3.426800,5.704260,2.084620,0.462480,7.250103
2008-10-23,sz.000338,1.5378900000,1.5630088700,1.4768870300,1.5168721700,1.5891530000,3793672,111911511.0900,2,2.161477,1,-4.548400,5.444808,1.989803,0.441445,6.920341
2008-10-24,sz.000338,1.5173848000,1.5199479500,1.3841010000,1.4040935700,1.5168721700,4413939,124449219.7700,2,2.514879,1,-7.434900,5.039989,1.841862,0.408624,6.405817
2008-10-27,sz.000338,1.3584695000,1.3584695000,1.2636329500,1.2636329500,1.4040935700,3863042,98333550.1500,2,2.201001,1,-10.003700,4.535806,1.657609,0.367746,5.765001
2008-10-28,sz.000338,1.2149331000,1.3010549400,1.2000668300,1.2774739600,1.2636329500,3574974,87789781.7500,2,2.036872,1,1.095300,4.770896,1.608052,0.360662,6.548560
2008-10-29,sz.000338,1.3072065000,1.3143833200,1.1739227000,1.1739227000,1.2774739600,3511801,84601849.4400,2,2.000878,1,-8.105900,4.384170,1.477704,0.331427,6.017737
2008-10-30,sz.000338,1.1785363700,1.2313372600,1.1154828800,1.2072436500,1.1739227000,3507197,81172132.2200,2,1.998255,1,2.838400,4.508612,1.519648,0.340834,6.188547
2008-10-31,sz.000338,1.2046805000,1.2057057600,1.1693090300,1.1810995200,1.2072436500,1562505,36142700.5200,2,0.890250,1,-2.165600,4.410973,1.486738,0.333453,6.054527
2008-11-04,sz.000338,1.1790490000,1.1790490000,1.1216344400,1.1226597000,1.1810995200,2118861,46942246.4600,2,1.207239,1,-4.947900,4.192722,1.413176,0.316954,5.754954
2008-11-05,sz.000338,1.1277860000,1.1934026400,1.1277860000,1.1687964000,1.1226597000,3458352,78647431.5600,2,1.970425,1,4.109600,4.365025,1.471251,0.329980,5.991459
2008-11-06,sz.000338,1.1277860000,1.1452154200,1.1180460300,1.1334249300,1.1687964000,1250092,27610149.2500,2,0.712251,1,-3.026300,4.232926,1.426727,0.319994,5.810139
2008-11-07,sz.000338,1.1062555400,1.1570059100,1.0980534600,1.1477785700,1.1334249300,1557951,34410272.5600,2,0.887656,1,1.266400,4.286532,1.444795,0.324046,5.883718
2008-11-10,sz.000338,1.1739227000,1.2626076900,1.1728974400,1.2626076900,1.1477785700,4894329,118965130.3700,2,2.788585,1,10.004500,4.715376,1.589339,0.356465,6.472353
2008-11-11,sz.000338,1.2713224000,1.3533432000,1.2610698000,1.2969539000,1.2626076900,6158407,157938499.6900,2,3.508805,1,2.720300,4.843647,1.632573,0.366162,6.648417
2008-11-12,sz.000338,1.2867013000,1.3307874800,1.2718350300,1.3138706900,1.2969539000,2723611,69197606.3600,2,1.551800,1,1.304300,4.906825,1.653867,0.370938,6.735136
2008-11-13,sz.000338,1.2964412700,1.3994799000,1.2687592500,1.3758989200,1.3138706900,6374829,167665848.2700,2,3.632113,1,4.721000,5.138477,1.731947,0.388450,7.053104
2008-11-14,sz.000338,1.3943536000,1.4492050100,1.3666715800,1.4353640000,1.3758989200,6471327,178768218.9800,2,3.687093,1,4.321900,5.360558,1.806800,0.405238,7.357932
2008-11-17,sz.000338,1.4343387400,1.5122585000,1.4148588000,1.4953417100,1.4353640000,5394280,154472006.6300,2,3.073437,1,4.178600,5.584552,1.882298,0.422172,7.665389
2008-11-18,sz.000338,1.4866270000,1.4917533000,1.3456537500,1.3456537500,1.4953417100,6805599,187639001.4700,2,3.877548,1,-10.010300,5.025523,1.693875,0.379911,6.898062
2008-11-19,sz.000338,1.3328380000,1.4804754400,1.3266864400,1.4804754400,1.3456537500,5697081,158530290.9100,2,3.245960,1,10.019000,5.529032,1.863585,0.417974,7.589182
2008-11-20,sz.000338,1.4435660800,1.5953045600,1.4297250700,1.5348142200,1.4804754400,7129481,212223581.2200,2,4.062082,1,3.670400,5.731968,1.931985,0.433316,7.867732
2008-11-21,sz.000338,1.4866270000,1.5583952000,1.4302377000,1.4917533000,1.5348142200,5120141,148816215.8900,2,2.917244,1,-2.805600,5.571151,1.877781,0.421158,7.646994
2008-11-24,sz.000338,1.4943164500,1.5112332400,1.3666715800,1.3682094700,1.4917533000,4600547,127891664.7800,2,2.621201,1,-8.281800,5.109760,1.722267,0.386279,7.013686
2008-11-25,sz.000338,1.4051188300,1.4292124400,1.3430906000,1.3892273000,1.3682094700,2656733,71592142.7200,2,1.513696,1,1.536200,5.188254,1.748724,0.392213,7.121427
2008-11-26,sz.000338,1.3753862900,1.4076819800,1.3487295300,1.3753862900,1.3892273000,1860103,50120269.5500,2,1.059809,1,-0.996300,5.136563,1.731301,0.388305,7.050476
2008-11-27,sz.000338,1.4840638500,1.4994427500,1.4025556800,1.4051188300,1.3753862900,4068020,115311153.9200,2,2.317789,1,2.161800,5.247603,1.768728,0.396699,7.202890
2008-11-28,sz.000338,1.3943536000,1.4097325000,1.3641084300,1.3758989200,1.4051188300,1688415,45661420.7100,2,0.961989,1,-2.079500,5.138477,1.731947,0.388450,7.053104
2008-12-01,sz.000338,1.3841010000,1.4302377000,1.3533432000,1.4251114000,1.3758989200,2558375,70086124.1700,2,1.457656,1,3.576800,5.322268,1.793894,0.402344,7.305376
2008-12-02,sz.000338,1.3841010000,1.4399776700,1.3738484000,1.4174219500,1.4251114000,2323409,64005460.8400,2,1.323782,1,-0.539600,5.293551,1.784215,0.400173,7.265958
2008-12-03,sz.000338,1.4256240300,1.5096953500,1.4251114000,1.5076448300,1.4174219500,4728202,137157979.6500,2,2.693933,1,6.365300,5.630500,1.897785,0.425645,7.728457
2008-12-04,sz.000338,1.5281500300,1.5917161500,1.5086700900,1.5096953500,1.5076448300,7264907,220279536.8300,2,4.139242,1,0.136000,5.638158,1.900366,0.426224,7.738968
2008-12-05,sz.000338,1.5102079800,1.5624962400,1.4968796000,1.5491678600,1.5096953500,3189577,94898254.0400,2,1.817289,1,2.614600,5.785573,1.950053,0.437368,7.941311
2008-12-08,sz.000338,1.6506686000,1.7039821200,1.6506686000,1.7039821200,1.5491678600,9571077,317137070.3500,2,5.453202,1,9.993400,6.363748,2.144929,0.481076,8.734917
2008-12-09,sz.000338,1.7429420000,1.7839524000,1.6860400700,1.7214115400,1.7039821200,8491600,288024138.9700,2,4.838161,1,1.022900,6.428840,2.166869,0.485997,8.824263
2008-12-10,sz.000338,1.7326894000,1.7742124300,1.6501559700,1.7634472000,1.7214115400,5642480,188474753.6200,2,3.214851,1,2.441900,6.585828,2.219783,0.497864,9.039745
2008-12-11,sz.000338,1.7424293700,1.7942050000,1.7270504700,1.7280757300,1.7634472000,4831374,165678532.9900,2,2.752716,1,-2.005800,6.453728,2.175258,0.487878,8.858425
2008-12-12,sz.000338,1.7162852400,1.7813892500,1.6096582000,1.6916790000,1.7280757300,6498663,216246075.3000,2,3.702668,1,-2.106200,6.317800,2.129443,0.477602,8.671849
2008-12-15,sz.000338,1.7301262500,1.7424293700,1.6147845000,1.6368275900,1.6916790000,4724720,152731681.9100,2,2.691949,1,-3.242400,6.112950,2.060397,0.462116,8.390671
2008-12-16,sz.000338,1.6261789800,1.6261789800,1.4793882400,1.6073176000,1.6368397600,6795485,128187520.4300,2,2.419868,1,-1.803600,6.003824,2.023616,0.453867,8.240884
2008-12-17,sz.000338,1.6032173000,1.6507807800,1.5638544200,1.6122379600,1.6073176000,5874901,115759325.9800,2,2.092049,1,0.306100,6.022204,2.029810,0.455256,8.266111
2008-12-18,sz.000338,1.6073176000,1.6237188000,1.5745152000,1.6155182000,1.6122379600,4164672,81328520.8300,2,1.483037,1,0.203500,6.034456,2.033940,0.456183,8.282930
2008-12-19,sz.000338,1.6269990400,1.7286864800,1.6269990400,1.6934239000,1.6155182000,9006034,186412468.5300,2,3.207043,1,4.822300,6.325458,2.132024,0.478181,8.682360
2008-12-22,sz.000338,1.7147454600,1.7180257000,1.6483206000,1.6967041400,1.6934239000,5702000,117860082.6800,2,2.030479,1,0.193700,6.337711,2.136154,0.479108,8.699178
2008-12-23,sz.000338,1.6852233000,1.6893236000,1.5581140000,1.5605741800,1.6967041400,7117614,140585894.0800,2,2.534578,1,-8.023200,5.829223,1.964766,0.440668,8.001226
2008-12-24,sz.000338,1.5400726800,1.5556538200,1.5154708800,1.5244915400,1.5605741800,3846440,71948659.3800,2,1.369715,1,-2.312100,5.694444,1.919338,0.430479,7.816226
2008-12-25,sz.000338,1.5318720800,1.5581140000,1.5130107000,1.5376125000,1.5244915400,2736740,51254105.4600,2,0.974551,1,0.860700,5.743455,1.935857,0.434184,7.883499
2008-12-26,sz.000338,1.5458131000,1.5556538200,1.5212113000,1.5335122000,1.5376125000,2104982,39489152.3000,2,0.749583,1,-0.266700,5.728139,1.930695,0.433026,7.862476
2008-12-29,sz.000338,1.5326921400,1.5326921400,1.4433056000,1.4793882400,1.5335122000,3604933,64787750.5200,2,1.283714,1,-3.529400,5.525969,1.862552,0.417743,7.584977
2008-12-30,sz.000338,1.4564265600,1.4990696800,1.4564265600,1.4679074000,1.4793882400,2495198,45063157.2400,2,0.888538,1,-0.776100,5.483085,1.848098,0.414501,7.526114
2008-12-31,sz.000338,1.4687274600,1.4925092000,1.4638071000,1.4744678800,1.4679074000,2084573,37583611.4600,2,0.742314,1,0.446900,5.507590,1.856358,0.416353,7.559750
2009-01-05,sz.000338,1.4957894400,1.5622143000,1.4957894400,1.5605741800,1.4744678800,3815980,71678006.9800,2,1.358867,1,5.839800,5.829223,1.964766,0.440668,8.001226
2009-01-06,sz.000338,1.5646744800,1.6852233000,1.5433529200,1.6688221000,1.5605741800,8358334,168010042.9200,2,2.976395,1,6.936400,6.233563,2.101050,0.471234,8.556224
2009-01-07,sz.000338,1.6696421600,1.7032646200,1.6319194000,1.6647218000,1.6688221000,8598969,175133864.1400,2,3.062085,1,-0.245700,6.218247,2.095888,0.470077,8.535201
2009-01-08,sz.000338,1.6401200000,1.6614415600,1.6155182000,1.6237188000,1.6647218000,5528468,110438095.7800,2,1.968682,1,-2.463100,6.065088,2.044265,0.458498,8.324975
2009-01-09,sz.000338,1.6228987400,1.6770227000,1.6081376600,1.6696421600,1.6237188000,4753721,95963659.7600,2,1.692796,1,2.828300,6.236626,2.102082,0.471466,8.560429
2009-01-12,sz.000338,1.6696421600,1.7057248000,1.6483206000,1.6704622200,1.6696421600,4206820,86252656.4200,2,1.498045,1,0.049100,6.239689,2.103115,0.471697,8.564633
2009-01-13,sz.000338,1.6630816800,1.7352469600,1.6401200000,1.6786628200,1.6704622200,6190605,127968661.1500,2,2.204469,1,0.490900,6.270321,2.113440,0.474013,8.606679
2009-01-14,sz.000338,1.6770227000,1.7262263000,1.6581613200,1.7221260000,1.6786628200,6348317,132488843.1500,2,2.260630,1,2.589200,6.432669,2.168160,0.486286,8.829519
2009-01-15,sz.000338,1.7139254000,1.8246335000,1.7057248000,1.8123326000,1.7221260000,10703465,233329622.9700,2,3.811494,1,5.238100,6.769618,2.281730,0.511758,9.292017
2009-01-16,sz.000338,1.8123326000,1.9747044800,1.8049520600,1.8656365000,1.8123326000,9667426,225322052.8100,2,3.442561,1,2.941200,6.968725,2.348840,0.526810,9.565312
2009-01-19,sz.000338,1.8787574600,1.9402619600,1.8049520600,1.8844978800,1.8656365000,7117683,162949904.2900,2,2.534600,1,1.011000,7.039178,2.372586,0.532136,9.662016
2009-01-20,sz.000338,1.8844978800,1.9542029800,1.8369344000,1.9460023800,1.8844978800,8198670,190710981.9900,2,2.919539,1,3.263700,7.268916,2.450021,0.549503,9.977356
2009-01-21,sz.000338,1.9107398000,2.1116545000,1.9008990800,2.1067341400,1.9460023800,14645238,363711954.8300,2,5.215155,1,8.259600,7.869299,2.652382,0.594890,10.801445
2009-01-22,sz.000338,2.1067341400,2.1731590000,2.0673712600,2.1173949200,2.1067341400,8918861,229649480.6800,2,3.175998,1,0.506000,7.909120,2.665804,0.597900,10.856104
2009-01-23,sz.000338,2.1190350400,2.1649584000,2.0567104800,2.1182149800,2.1173949200,6382871,164690133.9300,2,2.272934,1,0.038731,7.912183,2.666836,0.598132,10.860308
2009-02-02,sz.000338,2.1239554000,2.1887401400,2.0952533000,2.1731590000,2.1182149800,6521365,171249326.6700,2,2.322252,1,2.593900,8.117416,2.736011,0.613647,11.142012
2009-02-03,sz.000338,2.1526575000,2.2363036200,2.1362563000,2.2100617000,2.1731590000,6622359,177243084.0200,2,2.358216,1,1.698100,8.255259,2.782472,0.624067,11.331216
2009-02-04,sz.000338,2.2149820600,2.2354835600,2.1173949200,2.1698787600,2.2100617000,14454011,380820503.6000,2,5.147060,1,-1.818200,8.105163,2.731881,0.612720,11.125194
2009-02-05,sz.000338,2.1682386400,2.1723389400,2.0640910200,2.0870527000,2.1698787600,11860257,306521820.1000,2,4.223426,1,-3.817100,7.795782,2.627603,0.589332,10.700536
2009-02-06,sz.000338,2.0829524000,2.1436368400,2.0747518000,2.1288757600,2.0870527000,11437129,296654821.9500,2,4.072751,1,2.003900,7.952004,2.680258,0.601142,10.914967
2009-02-09,sz.000338,2.1469170800,2.2305632000,2.1469170800,2.2035012200,2.1288757600,11899744,317360191.6000,2,4.237487,1,3.505400,8.230753,2.774212,0.622215,11.297579
2009-02-10,sz.000338,2.1977608000,2.1977608000,2.1239554000,2.1920203800,2.2035012200,9309515,245338041.6700,2,3.315109,1,-0.521000,8.187869,2.759758,0.618973,11.238716
2009-02-12,sz.000338,2.2084215800,2.2961680000,2.1288757600,2.2289230800,2.1920203800,13458625,364145293.8100,2,4.792604,1,1.683500,8.325712,2.806218,0.629393,11.427920
2009-02-13,sz.000338,2.2338434400,2.3092889600,2.1936605000,2.3043686000,2.2289230800,17252794,472080305.4900,2,6.143703,1,3.384800,8.607524,2.901204,0.650697,11.814737
2009-02-16,sz.000338,2.3437314800,2.3617728000,2.2551650000,2.3330707000,2.3043686000,15097904,424948011.2500,2,5.376349,1,1.245600,8.714735,2.937340,0.658802,11.961896
2009-02-17,sz.000338,2.3043686000,2.3207698000,2.2108817600,2.2141620000,2.3330707000,12031780,331016988.5300,2,4.284505,1,-5.096700,8.270575,2.787634,0.625225,11.352238
2009-02-18,sz.000338,2.1690587000,2.2346635000,2.1231353400,2.1239554000,2.2141620000,10686026,282398901.7200,2,3.805284,1,-4.074100,7.933625,2.674064,0.599753,10.889740
2009-02-23,sz.000338,2.3363509400,2.3363509400,2.3363509400,2.3363509400,2.1239554000,3964601,112951482.4900,2,1.411791,1,10.000000,8.726988,2.941470,0.659728,11.978714
2009-02-24,sz.000338,2.5011830000,2.5659677400,2.3781740000,2.4158967600,2.3363509400,24111296,727307064.2100,2,8.586010,1,3.404700,9.024116,3.041618,0.682190,12.386553
2009-02-25,sz.000338,2.4281976600,2.4872419800,2.2387638000,2.3101090200,2.4158967600,15279489,434460587.5500,2,5.441011,1,-4.378800,8.628966,2.908431,0.652318,11.844169
2009-02-26,sz.000338,2.3125692000,2.3363509400,2.0911530000,2.1329760600,2.3101090200,8857297,240830624.9700,2,3.154075,1,-7.667700,7.967320,2.685421,0.602300,10.935990
2009-02-27,sz.000338,2.0698314400,2.1239554000,1.9197604600,2.0050467000,2.1329760600,7740064,191065167.6900,2,2.756229,1,-5.997691,7.489465,2.524357,0.566176,10.280083
2009-03-02,sz.000338,1.9968461000,2.0788521000,1.9583032800,2.0583506000,2.0050467000,5675867,141564322.4600,2,2.021171,1,2.658500,7.688571,2.591467,0.581228,10.553377
2009-03-03,sz.000338,1.9968461000,2.1805395400,1.9714242400,2.1313359400,2.0583506000,8320045,214309956.2600,2,2.962760,1,3.545800,7.961194,2.683356,0.601837,10.927581
2009-03-04,sz.000338,2.1403566000,2.3109290800,2.1403566000,2.2986281800,2.1313359400,8480880,234411839.1900,2,3.020033,1,7.849176,8.586082,2.893977,0.649076,11.785305
2009-03-05,sz.000338,2.3699734000,2.3765338800,2.2363036200,2.2797668000,2.2986281800,8023115,225128404.6400,2,2.857024,1,-0.820500,8.515629,2.870231,0.643750,11.688601
2009-03-11,sz.000338,2.4158967600,2.4158967600,2.2289230800,2.2518847600,2.2797668000,7951611,223573262.5000,2,2.831561,1,-1.223000,8.411481,2.835127,0.635877,11.545647
2009-03-17,sz.000338,2.2797668000,2.3453716000,2.2756665000,2.3379910600,2.2518847600,6975047,196939095.2500,2,2.483808,1,3.823700,8.733114,2.943535,0.660191,11.987123
2009-03-18,sz.000338,2.3404512400,2.5134839000,2.3404512400,2.4445988600,2.3379910600,10606682,314739911.2800,2,3.777029,1,4.559800,9.131327,3.077754,0.690295,12.533712
2009-03-19,sz.000338,2.4445988600,2.4880620400,2.4355782000,2.4675605400,2.4445988600,6476174,194793524.8900,2,2.306159,1,0.939300,9.217096,3.106663,0.696778,12.651439
2009-03-20,sz.000338,2.4659204200,2.4733009600,2.3625928600,2.4027758000,2.4675605400,6095875,178628806.5400,2,2.170735,1,-2.625500,8.975105,3.025099,0.678485,12.319281
2009-03-23,sz.000338,2.4011356800,2.5618674400,2.3945752000,2.5175842000,2.4027758000,9380144,286481164.1700,2,3.340260,1,4.778200,9.403950,3.169643,0.710904,12.907916
2009-03-24,sz.000338,2.5749884000,2.6233719400,2.5471063600,2.5733482800,2.5175842000,7598769,240043346.3900,2,2.705914,1,2.215000,9.612246,3.239850,0.726650,13.193824
2009-03-25,sz.000338,2.5405458800,2.5684279200,2.4831416800,2.4831416800,2.5733482800,7073671,217033244.6000,2,2.518928,1,-3.505400,9.275296,3.126280,0.701178,12.731325
2009-03-26,sz.000338,2.4831416800,2.5208644400,2.3798141200,2.5143039600,2.4831416800,5769152,172998276.9400,2,2.054390,1,1.255000,9.391697,3.165513,0.709978,12.891097
2009-03-27,sz.000338,2.5831890000,2.5913896000,2.5159440800,2.5561270200,2.5143039600,7610912,236398537.0800,2,2.710239,1,1.663400,9.547919,3.218169,0.721787,13.105529
2009-03-30,sz.000338,2.5667878000,2.6569944000,2.5585872000,2.6118911000,2.5561270200,8279258,265185798.1600,2,2.948236,1,2.181600,9.756215,3.288376,0.737534,13.391437
2009-03-31,sz.000338,2.5487464800,2.6094309200,2.5093836000,2.5815488800,2.6118911000,5643691,175915276.8600,2,2.009713,1,-1.161700,9.642877,3.250175,0.728966,13.235869
2009-04-01,sz.000338,2.5954899000,2.6504339200,2.5954899000,2.6241920000,2.5815488800,5977190,191740794.0300,2,2.128472,1,1.651800,9.802162,3.303862,0.741007,13.454505
2009-04-02,sz.000338,2.6405932000,2.7324399200,2.6118911000,2.7061980000,2.6241920000,8714243,283585284.0200,2,3.103134,1,3.125000,10.108480,3.407108,0.764164,13.874958
2009-04-03,sz.000338,2.7455608800,2.7463809400,2.6569944000,2.6651950000,2.7061980000,6660351,218289794.4200,2,2.371745,1,-1.515200,9.955321,3.355485,0.752586,13.664731
2009-04-07,sz.000338,2.6733956000,2.6938971000,2.5897494800,2.5995902000,2.6651950000,5443788,173862319.4500,2,1.938528,1,-2.461500,9.710267,3.272889,0.734060,13.328369
2009-04-08,sz.000338,2.5840090600,2.6487938000,2.5175842000,2.5175842000,2.5995902000,5544642,174270480.3700,2,1.974442,1,-3.154600,9.403950,3.169643,0.710904,12.907916
2009-04-09,sz.000338,2.5093836000,2.5585872000,2.5093836000,2.5503866000,2.5175842000,3592555,111041430.1800,2,1.279305,1,1.302900,9.526477,3.210941,0.720166,13.076097
2009-04-10,sz.000338,2.5676078600,2.6233719400,2.5421860000,2.6135312200,2.5503866000,4848577,153105700.1000,2,1.726574,1,2.475900,9.762341,3.290441,0.737997,13.399846
2009-04-13,sz.000338,2.6323926000,2.6627348200,2.6061506800,2.6282923000,2.6135312200,6708685,215424777.6700,2,2.388956,1,0.564800,9.817478,3.309025,0.742165,13.475527
2009-04-14,sz.000338,2.6291123600,2.8333073000,2.5995902000,2.7800034000,2.6282923000,8604824,289228887.2500,2,3.064170,1,5.772200,10.384166,3.500029,0.785005,14.253366
2009-04-15,sz.000338,2.7529414200,2.7800034000,2.6750357200,2.7373602800,2.7800034000,4706686,156398832.7100,2,1.676046,1,-1.533900,10.224881,3.446342,0.772963,14.034730
2009-04-16,sz.000338,2.7472010000,2.8210064000,2.7472010000,2.8111656800,2.7373602800,7034186,239735363.3100,2,2.504867,1,2.696200,10.500566,3.539263,0.793804,14.413138
2009-04-17,sz.000338,2.8078854400,2.8078854400,2.6906168600,2.7119384200,2.8111656800,4341352,144604477.2700,2,1.545951,1,-3.529800,10.129922,3.414335,0.765785,13.904390
2009-04-20,sz.000338,2.7102983000,2.7865638800,2.6774959000,2.7636022000,2.7119384200,2835723,94789907.2200,2,1.009798,1,1.905000,10.322902,3.479380,0.780373,14.169275
2009-04-21,sz.000338,2.7447408200,2.7627821400,2.6332126600,2.7020977000,2.7636022000,4215656,138969152.0500,2,1.501191,1,-2.225500,10.093164,3.401946,0.763006,13.853935
2009-04-22,sz.000338,2.7070180600,2.7660623800,2.5421860000,2.5717081600,2.7020977000,5696963,184689915.4700,2,2.028683,1,-4.825500,9.606119,3.237785,0.726187,13.185415
2009-04-23,sz.000338,2.5421860000,2.5831890000,2.5011830000,2.5610473800,2.5717081600,3789873,117249290.5100,2,1.349570,1,-0.414500,9.566298,3.224363,0.723177,13.130756
2009-04-24,sz.000338,2.5840090600,2.6537141600,2.5831890000,2.6077908000,2.5610473800,3317256,105662986.1400,2,1.181272,1,1.825200,9.740899,3.283213,0.736376,13.370414
2009-04-27,sz.000338,2.6709354200,2.7586818400,2.6168114600,2.7365402200,2.6077908000,7627554,249293411.7500,2,2.716165,1,4.937100,10.221818,3.445309,0.772732,14.030526
2009-04-28,sz.000338,2.5421860000,2.6364929000,2.4626401800,2.5421860000,2.7365402200,9280170,290968636.6400,2,3.304660,1,-7.102200,16.325515,3.061224,0.856319,26.028325
2009-04-29,sz.000338,2.5421860000,2.6815962000,2.5339854000,2.6446935000,2.5421860000,5234742,167572509.7700,2,1.864087,1,4.032300,16.983802,3.184661,0.890848,27.077854
2009-04-30,sz.000338,2.6446935000,2.7349001000,2.6446935000,2.6848764400,2.6446935000,5873374,193946856.5700,2,2.091503,1,1.519400,17.241850,3.233048,0.904383,27.489269
2009-05-04,sz.000338,2.6873366200,2.8866112000,2.6873366200,2.8661097000,2.6848764400,8269667,282294326.6900,2,2.944821,1,6.750200,18.405702,3.451283,0.965430,29.344837
2009-05-05,sz.000338,2.8849710800,2.8849710800,2.8169061000,2.8661097000,2.8661097000,5632329,195558414.3400,2,2.005667,1,0.000000,18.405702,3.451283,0.965430,29.344837
2009-05-06,sz.000338,2.8579091000,2.9891187000,2.8341273600,2.9407351600,2.8661097000,6729070,240047916.9200,2,2.396215,1,2.603700,18.884934,3.541145,0.990567,30.108894
2009-05-07,sz.000338,2.9382749800,2.9522160000,2.8521686800,2.8628294600,2.9407351600,4871786,172408255.2400,2,1.734838,1,-2.649200,18.384636,3.447333,0.964325,29.311252
2009-05-08,sz.000338,2.8603692800,2.8784106000,2.8210064000,2.8333073000,2.8628294600,3759644,130639593.9500,2,1.338806,1,-1.031200,18.195050,3.411784,0.954381,29.008988
2009-05-11,sz.000338,2.8357674800,2.8997321600,2.7742629800,2.7800034000,2.8333073000,3616928,124276869.2200,2,1.287985,1,-1.881300,17.852741,3.347597,0.936426,28.463233
2009-05-12,sz.000338,2.7636022000,2.7652423200,2.6979974000,2.7472010000,2.7800034000,3546323,117998824.2700,2,1.262842,1,-1.179900,17.642089,3.308097,0.925377,28.127383
2009-05-13,sz.000338,2.7636022000,2.8128058000,2.7357201600,2.7882040000,2.7472010000,4215754,142578311.1200,2,1.501226,1,1.492500,17.905404,3.357472,0.939188,28.547195
2009-05-14,sz.000338,2.7586818400,2.7800034000,2.7111183600,2.7373602800,2.7882040000,2731465,91245158.9600,2,0.972672,1,-1.823500,17.578893,3.296247,0.922062,28.026628
2009-05-15,sz.000338,2.7357201600,2.7636022000,2.7061980000,2.7217791400,2.7373602800,3308341,110119150.7600,2,1.178097,1,-0.569200,17.478834,3.277485,0.916813,27.867100
2009-05-18,sz.000338,2.7061980000,2.9153133000,2.7061980000,2.8743103000,2.7217791400,4940383,169974978.6300,2,1.759266,1,5.604100,18.458365,3.461158,0.968193,29.428799
2009-05-19,sz.000338,2.8775905400,3.1145878800,2.8775905400,3.0063399600,2.8743103000,10058007,370735816.5700,2,3.581647,1,4.593400,19.306238,3.620144,1.012666,30.780593
2009-05-20,sz.000338,3.0178208000,3.0957265000,2.9407351600,2.9456555200,3.0063399600,3656823,134268810.2400,2,1.302191,1,-2.018500,18.916532,3.547070,0.992225,30.159272
2009-05-21,sz.000338,2.9440154000,2.9440154000,2.8702100000,2.8882513200,2.9456555200,2797550,98631240.8300,2,0.996205,1,-1.948800,18.547892,3.477946,0.972889,29.571535
2009-05-22,sz.000338,2.8825109000,2.9833782800,2.8497085000,2.9448354600,2.8882513200,3623208,129810706.3700,2,1.290221,1,1.959100,18.911266,3.546083,0.991949,30.150876
2009-05-25,sz.000338,2.9522160000,3.0752250000,2.9153133000,2.9513959400,2.9448354600,7703374,279124583.6000,2,2.743164,1,0.222800,18.953396,3.553982,0.994158,30.218045
2009-05-26,sz.000338,2.9489357600,2.9505758800,2.8702100000,2.8825109000,2.9513959400,5409003,191031990.4400,2,1.926141,1,-2.334000,18.511028,3.471033,0.970955,29.512762
2009-05-27,sz.000338,2.8964519200,2.9169534200,2.8275668800,2.8333073000,2.8825109000,3267438,113788014.5500,2,1.163532,1,-1.707000,18.195050,3.411784,0.954381,29.008988
2009-06-01,sz.000338,2.8579091000,2.9358148000,2.8292070000,2.8931716800,2.8333073000,3586609,126103318.3500,2,1.277188,1,2.112900,18.579489,3.483871,0.974546,29.621913
2009-06-02,sz.000338,2.9013722800,2.9087528200,2.8292070000,2.8538088000,2.8931716800,4196278,145961279.2900,2,1.494291,1,-1.360500,18.326707,3.436471,0.961287,29.218894
2009-06-03,sz.000338,2.8661097000,2.9046525200,2.8374076000,2.8620094000,2.8538088000,5566491,194226286.8900,2,1.982222,1,0.287400,18.379370,3.446346,0.964049,29.302856
2009-06-04,sz.000338,2.8710300600,2.8710300600,2.7988647800,2.8488884400,2.8620094000,4084784,141026596.0100,2,1.454588,1,-0.458500,18.295109,3.430546,0.959629,29.168516
2009-06-05,sz.000338,2.8497085000,2.8505285600,2.7537614800,2.7644222600,2.8488884400,8100869,274874681.9200,2,2.884712,1,-2.964900,17.752681,3.328834,0.931178,28.303704
2009-06-08,sz.000338,2.7718028000,2.8013249600,2.7349001000,2.7480210600,2.7644222600,3514578,118895831.4300,2,1.251538,1,-0.593300,17.647355,3.309085,0.925653,28.135779
2009-06-09,sz.000338,2.7488411200,2.7882040000,2.6701153600,2.7184989000,2.7480210600,4884510,161252051.9700,2,1.739369,1,-1.074300,17.457768,3.273535,0.915709,27.833515
2009-06-10,sz.000338,2.7119384200,2.8037851400,2.7119384200,2.7988647800,2.7184989000,4729928,160420147.7200,2,1.684323,1,2.956300,17.973865,3.370309,0.942779,28.656346
2009-06-11,sz.000338,2.8029650800,2.8365875400,2.7472010000,2.7529414200,2.7988647800,2838840,96486945.5200,2,1.010908,1,-1.640800,17.678953,3.315010,0.927310,28.186157
2009-06-12,sz.000338,2.7619620800,2.7791833400,2.6832363200,2.6922569800,2.7529414200,3029881,100452054.3900,2,1.078938,1,-2.204300,17.289247,3.241935,0.906869,27.564836
2009-06-15,sz.000338,2.7061980000,2.7882040000,2.6914369200,2.7455608800,2.6922569800,3343488,112035052.4900,2,1.190613,1,1.979900,17.631556,3.306122,0.924824,28.110591
2009-06-16,sz.000338,2.7283396200,2.7283396200,2.6955372200,2.7143986000,2.7455608800,2077789,68636062.8000,2,0.739899,1,-1.135000,17.431437,3.268597,0.914327,27.791534
2009-06-17,sz.000338,2.7143986000,2.7947644800,2.6979974000,2.7718028000,2.7143986000,3864599,130373055.5900,2,1.376180,1,2.114800,17.800078,3.337722,0.933664,28.379270
2009-06-18,sz.000338,2.7701626800,2.8849710800,2.7611420200,2.8505285600,2.7718028000,5748400,200372809.2300,2,2.047000,1,2.840200,18.305642,3.432521,0.960182,29.185309
2009-06-22,sz.000338,2.8628294600,2.9054725800,2.7783632800,2.7882040000,2.8505285600,3771050,129248816.9000,2,1.342867,1,-2.186400,17.905404,3.357472,0.939188,28.547195
2009-06-23,sz.000338,2.7709827400,2.8128058000,2.7307998000,2.7898441200,2.7882040000,2838194,95619826.2000,2,1.010678,1,0.058800,17.915936,3.359447,0.939741,28.563987
2009-06-24,sz.000338,2.7882040000,2.9366348600,2.7562216600,2.9267941400,2.7898441200,10832673,384034538.4400,2,3.857505,1,4.908900,18.795407,3.524358,0.985871,29.966158
2009-06-25,sz.000338,2.9423752800,3.0153606200,2.8792306600,2.9054725800,2.9267941400,5627001,203259528.8100,2,2.003770,1,-0.728500,18.658484,3.498683,0.978689,29.747856
2009-06-26,sz.000338,2.9062926400,2.9768178000,2.8948118000,2.8980920400,2.9054725800,2804023,100208994.8200,2,0.998510,1,-0.254000,18.611087,3.489796,0.976203,29.672290
2009-06-29,sz.000338,2.8898914400,3.0522633200,2.8718501200,3.0309417600,2.8980920400,6445004,234098732.5200,2,2.295060,1,4.584000,19.464227,3.649769,1.020953,31.032480
2009-06-30,sz.000338,3.0219211000,3.0793253000,2.9841983400,2.9874785800,3.0309417600,4578629,169172207.8000,2,1.630445,1,-1.434000,19.185113,3.597432,1.006313,30.587480
2009-07-01,sz.000338,2.9694372600,3.0662043400,2.9620567200,3.0079800800,2.9874785800,4687882,173530442.1900,2,1.669350,1,0.686200,19.316771,3.622119,1.013218,30.797386
2009-07-02,sz.000338,3.0104402600,3.0539034400,2.9891187000,3.0071600200,3.0079800800,3306484,121350618.4700,2,1.177436,1,-0.027300,19.311504,3.621132,1.012942,30.788989
2009-07-03,sz.000338,2.9940390600,2.9948591200,2.8866112000,2.9317145000,3.0071600200,5927761,211552554.5500,2,2.110870,1,-2.508900,18.827005,3.530283,0.987529,30.016536
2009-07-06,sz.000338,2.9292543200,2.9522160000,2.8652896400,2.9399151000,2.9317145000,6037365,213040231.7200,2,2.149900,1,0.279700,18.879668,3.540158,0.990291,30.100498
2009-07-07,sz.000338,2.9522160000,3.0465229000,2.9243339600,3.0096202000,2.9399151000,5869072,213460353.0700,2,2.089971,1,2.370997,19.327303,3.624094,1.013771,30.814178
2009-07-08,sz.000338,2.9809181000,2.9809181000,2.9128531200,2.9522160000,3.0096202000,3603130,129355698.1600,2,1.283071,1,-1.907400,18.958663,3.554970,0.994435,30.226442
2009-07-09,sz.000338,2.9505758800,3.0752250000,2.9358148000,3.0473429600,2.9522160000,5791284,213474330.3200,2,2.062271,1,3.222200,19.569553,3.669519,1.026477,31.200405
2009-07-10,sz.000338,3.0711247000,3.3524052800,3.0711247000,3.2802400000,3.0473429600,9619704,381729238.6700,2,3.425567,1,7.642600,21.065181,3.949967,1.104927,33.584935
2009-07-13,sz.000338,3.2392370000,3.5541400400,3.2146352000,3.4811547000,3.2802400000,6683214,280066937.7400,2,2.379886,1,6.125000,22.355423,4.191902,1.172604,35.642012
2009-07-14,sz.000338,3.5205175800,3.6878098200,3.4565529000,3.6607478400,3.4811547000,8995888,392248004.6200,2,3.203427,1,5.159000,23.508742,4.408163,1.233099,37.480788
2009-07-15,sz.000338,3.6607478400,3.6607478400,3.5541400400,3.5754616000,3.6607478400,4787723,209134432.7400,2,1.704904,1,-2.329700,22.961047,4.305464,1.204371,36.607579
2009-07-16,sz.000338,3.5754616000,3.6648481400,3.5139571000,3.5344586000,3.5754616000,5879983,254571152.5400,2,2.093856,1,-1.146800,22.697732,4.256089,1.190559,36.187768
2009-07-17,sz.000338,3.5442993200,3.6181047200,3.4360514000,3.4663936200,3.5344586000,5264888,223250959.2000,2,1.874822,1,-1.925800,22.260630,4.174127,1.167632,35.490880
2009-07-20,sz.000338,3.4885352400,3.5164172800,3.4073493000,3.4950957200,3.4663936200,5065126,213961629.4500,2,1.803687,1,0.828000,22.444950,4.208689,1.177300,35.784748
2009-07-21,sz.000338,3.4877151800,3.4893553000,3.3901280400,3.3934082800,3.4950957200,4166682,174379910.0100,2,1.483751,1,-2.909400,21.791929,4.086240,1.143047,34.743615
2009-07-22,sz.000338,3.3925882200,3.4786945200,3.3540454000,3.3622460000,3.3934082800,5455810,226241275.6400,2,1.942809,1,-0.918300,21.591810,4.048716,1.132551,34.424559
2009-07-23,sz.000338,3.3786472000,3.4360514000,3.3524052800,3.3786472000,3.3622460000,5367764,221345577.8500,2,1.911456,1,0.487800,21.697136,4.068466,1.138075,34.592483
2009-07-24,sz.000338,3.3999687600,3.5467595000,3.3950484000,3.4950957200,3.3786472000,8698227,369595585.5600,2,3.097430,1,3.446600,22.444950,4.208689,1.177300,35.784748
2009-07-27,sz.000338,3.5123169800,3.5369187800,3.4549127800,3.5082166800,3.4950957200,4393593,186894729.2400,2,1.564554,1,0.375400,22.529211,4.224489,1.181720,35.919088
2009-07-28,sz.000338,3.4860750600,3.5057565000,3.3827475000,3.4352313400,3.5082166800,7060549,295212046.6900,2,2.514255,1,-2.080400,22.060510,4.136603,1.157135,35.171823
2009-07-29,sz.000338,3.4352313400,3.4762343400,3.0916262000,3.2720394000,3.4352313400,6247176,253991781.8000,2,2.224613,1,-4.750500,21.012518,3.940092,1.102165,33.500973
2009-07-30,sz.000338,3.2884406000,3.4196502000,3.1990540600,3.4114496000,3.2720394000,5719524,232305237.1800,2,2.036717,1,4.260700,21.907788,4.107965,1.149124,34.928333
2009-07-31,sz.000338,3.4122696600,3.5508598000,3.4122696600,3.4811547000,3.4114496000,6674222,284535660.5100,2,2.376684,1,2.043300,22.355423,4.191902,1.172604,35.642012
2009-08-03,sz.000338,3.5139571000,3.6099041200,3.4442520000,3.5836622000,3.4811547000,5869585,254324846.5200,2,2.090154,1,2.944600,23.013710,4.315339,1.207133,36.691542
2009-08-04,sz.000338,3.6074439400,3.7616152200,3.5508598000,3.7394736000,3.5836622000,8140661,361683338.8200,2,2.898882,1,4.347800,24.014306,4.502962,1.259617,38.286826
2009-08-05,sz.000338,3.7468541400,3.9075859000,3.7066712000,3.7165119200,3.7394736000,6021931,278912129.1800,2,2.144404,1,-0.614000,23.866850,4.475312,1.251883,38.051732
2009-08-06,sz.000338,3.7173319800,3.7206122200,3.5344586000,3.5607005200,3.7165119200,3325485,146309059.8600,2,1.184202,1,-4.192400,22.866254,4.287689,1.199399,36.456447
2009-08-07,sz.000338,3.5902998000,3.6363609200,3.4537614800,3.4586966000,3.5606890800,3487414,150211503.7000,2,1.241865,1,-2.864400,22.144771,4.152402,1.161555,35.306163
2009-08-10,sz.000338,3.4669218000,3.5368360000,3.4455362800,3.5327234000,3.4586966000,4141832,176229954.2000,2,1.474902,1,2.140300,22.618738,4.241277,1.186416,36.061824
2009-08-11,sz.000338,3.5368360000,3.7079201600,3.5368360000,3.6314258000,3.5327234000,4191599,185558496.6400,2,1.492624,1,2.793900,23.250693,4.359776,1.219564,37.069372
2009-08-12,sz.000338,3.6593914800,3.6602140000,3.3723320000,3.4545840000,3.6314258000,4305568,183336343.5200,2,1.533209,1,-4.869800,22.118440,4.147465,1.160174,35.264182
2009-08-13,sz.000338,3.4299084000,3.5524638800,3.3887824000,3.4957100000,3.4545840000,4162100,175981235.7900,2,1.482120,1,1.190500,22.381754,4.196840,1.173985,35.683994
2009-08-14,sz.000338,3.4792596000,3.5220306400,3.3641068000,3.3739770400,3.4957100000,2675997,111388037.1400,2,0.952920,1,-3.482400,21.602343,4.050691,1.133103,34.441351
2009-08-19,sz.000338,3.2859674000,3.3229808000,3.1091256000,3.1913776000,3.3739770400,5542833,215946584.3100,2,1.973798,1,-5.412000,20.433225,3.831468,1.071780,32.577387
2009-08-20,sz.000338,3.0893851200,3.3887824000,3.0893851200,3.3846698000,3.1913776000,5457859,215443140.6500,2,1.943538,1,6.056700,21.670805,4.063528,1.136694,34.550502
2009-08-21,sz.000338,3.3312060000,3.4710344000,3.3188682000,3.3747995600,3.3846698000,3809271,157344335.2700,2,1.356478,1,-0.291600,21.607609,4.051678,1.133379,34.449747
2009-08-24,sz.000338,3.4126354800,3.4463588000,3.3476564000,3.3846698000,3.3747995600,2026941,83308770.4600,2,0.721792,1,0.292500,21.670805,4.063528,1.136694,34.550502
2009-08-25,sz.000338,3.3649293200,3.3887824000,3.2053604400,3.2958376400,3.3846698000,2650395,105930825.6900,2,0.943803,1,-2.624500,21.102045,3.956879,1.106861,33.643709
2009-08-26,sz.000338,3.2941926000,3.4183931200,3.2571792000,3.3904274400,3.2958376400,3611558,147934254.0400,2,1.286072,1,2.870000,21.707669,4.070441,1.138628,34.609276
2009-08-27,sz.000338,3.3945400400,3.4693893600,3.3558816000,3.4142805200,3.3904274400,2306773,95946394.2700,2,0.821440,1,0.703500,21.860391,4.099078,1.146638,34.852766
2009-08-28,sz.000338,3.4545840000,3.5368360000,3.3558816000,3.3970076000,3.4142805200,3634336,151324933.4300,2,1.294184,1,-0.505900,21.749799,4.078341,1.140837,34.676446
2009-08-31,sz.000338,3.4134580000,3.4858397600,3.1502516000,3.1749272000,3.3970076000,6629710,265897664.1400,2,2.360833,1,-6.537500,21.544293,3.472831,1.150620,-68.187800
2009-09-01,sz.000338,3.1584768000,3.3147556000,3.1420264000,3.2637593600,3.1749272000,5037639,199166003.9600,2,1.793898,1,2.797900,22.147086,3.569999,1.182813,-70.095645
2009-09-02,sz.000338,3.2259234400,3.2983052000,3.2201658000,3.2580017200,3.2637593600,2765138,109795530.9100,2,0.984663,1,-0.176400,22.108016,3.563701,1.180726,-69.971988
2009-09-03,sz.000338,3.2621143200,3.4348435200,3.2621143200,3.4340210000,3.2580017200,3085046,126254725.5300,2,1.098582,1,5.402700,23.302441,3.756236,1.244517,-73.752348
2009-09-04,sz.000338,3.4331984800,3.5269657600,3.4216832000,3.4924199200,3.4340210000,3544331,149550388.3800,2,1.262133,1,1.700600,23.698722,3.820115,1.265681,-75.006580
2009-09-07,sz.000338,3.5351909600,3.5820746000,3.4973550400,3.5286108000,3.4924199200,3211808,138668263.9600,2,1.143722,1,1.036300,23.944305,3.859701,1.278797,-75.783850
2009-09-08,sz.000338,3.5286108000,3.7465786000,3.4554065200,3.6939373200,3.5286108000,6717584,299225355.4600,2,2.392125,1,4.685300,25.066171,4.040540,1.338713,-79.334562
2009-09-09,sz.000338,3.6914697600,4.0632488000,3.6848896000,4.0632488000,3.6939373200,14470739,699493804.0300,2,5.153016,1,9.997800,27.572229,4.444504,1.472555,-87.266251
2009-09-10,sz.000338,4.0632488000,4.1002622000,3.9151952000,3.9365807200,4.0632488000,4970329,241647199.1800,2,1.769929,1,-3.117400,26.712690,4.305951,1.426649,-84.545806
2009-09-11,sz.000338,3.8913421200,4.0221228000,3.8913421200,3.9801742800,3.9365807200,5793503,279924944.8300,2,2.063061,1,1.107400,27.008506,4.353635,1.442448,-85.482063
2009-09-14,sz.000338,3.9892220000,4.0714740000,3.9727716000,4.0287029600,3.9801742800,3799896,185092303.7200,2,1.353139,1,1.219300,27.337810,4.406717,1.460035,-86.524312
2009-09-15,sz.000338,4.0344606000,4.0443308400,3.9316456000,3.9415158400,4.0287029600,3304506,159218252.1800,2,1.176731,1,-2.164100,26.746179,4.311349,1.428438,-84.651797
2009-09-16,sz.000338,3.9069700000,3.9316456000,3.8148477600,3.8921646400,3.9415158400,3075619,144675560.2700,2,1.095225,1,-1.252100,26.411293,4.257367,1.410552,-83.591883
2009-09-17,sz.000338,3.8822944000,4.0426858000,3.8740692000,4.0426858000,3.8921646400,4474503,214905406.7800,2,1.593366,1,3.867300,27.432694,4.422012,1.465102,-86.824621
2009-09-18,sz.000338,4.0426858000,4.0550236000,3.8485710800,3.9456284400,4.0426858000,4114571,198390196.8900,2,1.465195,1,-2.400800,26.774086,4.315848,1.429928,-84.740123
2009-09-21,sz.000338,3.9069700000,4.1635962400,3.8658440000,4.1537260000,3.9456284400,9085487,447971433.3900,2,3.235333,1,5.274100,28.186186,4.543471,1.505344,-89.209427
2009-09-22,sz.000338,4.1586611200,4.4662836000,4.1339855200,4.2326879200,4.1537260000,9540443,503793438.7400,2,3.397343,1,1.901000,28.722003,4.629842,1.533961,-90.905289
2009-09-23,sz.000338,4.2113024000,4.2919093600,4.0648938400,4.1619512000,4.2326879200,5865204,298562386.5500,2,2.088594,1,-1.671200,28.242000,4.552468,1.508325,-89.386079
2009-09-24,sz.000338,4.1372756000,4.2310428800,3.9727716000,4.1126000000,4.1619512000,4819862,240304233.3100,2,1.716348,1,-1.185800,27.907115,4.498486,1.490440,-88.326165
2009-09-25,sz.000338,4.0903919600,4.2351554800,4.0188327200,4.1619512000,4.1126000000,2726607,136336631.9400,2,0.970942,1,1.200000,28.242000,4.552468,1.508325,-89.386079
2009-09-28,sz.000338,4.1660638000,4.2343329600,3.9234204000,3.9883994800,4.1619512000,2846866,139956739.9800,2,1.013766,1,-4.170000,27.064320,4.362632,1.445429,-85.658715
2009-09-29,sz.000338,3.9480960000,4.0213002800,3.8658440000,3.9316456000,3.9883994800,2962208,142002925.6200,2,1.054839,1,-1.423000,26.679202,4.300553,1.424860,-84.439814
2009-09-30,sz.000338,3.9579662400,4.1537260000,3.9579662400,4.1290504000,3.9316456000,3611167,178202225.5500,2,1.285933,1,5.020900,28.018743,4.516480,1.496402,-88.679470
2009-10-09,sz.000338,4.1948520000,4.3001345600,4.1553710400,4.2779265200,4.1290504000,2206226,114168569.9200,2,0.785635,1,3.605600,29.028981,4.679325,1.550356,-91.876877
2009-10-12,sz.000338,4.2853292000,4.4333828000,4.2853292000,4.3840316000,4.2779265200,3012243,160574973.8500,2,1.072657,1,2.480300,29.748984,4.795386,1.588809,-94.155692
2009-10-13,sz.000338,4.3766289200,4.4975393600,4.3593560000,4.3947243600,4.3840316000,2186462,117415467.9700,2,0.778597,1,0.243900,29.821543,4.807082,1.592684,-94.385340
2009-10-14,sz.000338,4.4490106800,4.5230374800,4.3083597600,4.3593560000,4.3947243600,3515501,188704580.7100,2,1.251867,1,-0.804800,29.581542,4.768395,1.579866,-93.625735
2009-10-15,sz.000338,4.3659361600,4.3922568000,4.2647662000,4.2935544000,4.3593560000,4288916,224240181.3700,2,1.527279,1,-1.509400,29.135028,4.696420,1.556019,-92.212517
2009-10-16,sz.000338,4.2877967600,4.6620433600,4.2877967600,4.6307876000,4.2935544000,8339719,462135210.9400,2,2.969766,1,7.854400,31.423411,5.065296,1.678235,-99.455262
2009-10-19,sz.000338,4.6052894800,4.8635607600,4.5649860000,4.6801388000,4.6307876000,7518085,432214229.7000,2,2.677183,1,1.065700,31.758297,5.119277,1.696121,-100.515176
2009-10-20,sz.000338,4.6793162800,4.7952916000,4.6233849200,4.7558106400,4.6801388000,4337082,249663136.2700,2,1.544431,1,1.616900,32.271788,5.202050,1.723545,-102.140378
2009-10-21,sz.000338,4.7303125200,4.8504004400,4.7048144000,4.7459404000,4.7558106400,3190183,186169098.8100,2,1.136021,1,-0.207500,32.204811,5.191253,1.719968,-101.928395
2009-10-22,sz.000338,4.7286674800,4.8026942800,4.6299650800,4.6538181600,4.7459404000,2725890,154612257.9800,2,0.970687,1,-1.941100,31.579691,5.090487,1.686582,-99.949889
2009-10-23,sz.000338,4.7294900000,4.7697934800,4.6636884000,4.7294900000,4.6538181600,3106356,178238875.7800,2,1.106170,1,1.626000,32.093182,5.173259,1.714006,-101.575090
2009-10-26,sz.000338,4.8693184000,5.0996240000,4.8693184000,5.0996240000,4.7294900000,6646442,401976337.1200,2,2.366792,1,7.826100,22.498277,4.945403,1.714131,-108.114659
2009-10-27,sz.000338,5.0461602000,5.2624829600,4.9877612800,5.0724808400,5.0996240000,5774421,363075164.7400,2,2.056266,1,-0.532300,22.378529,4.919080,1.705007,-107.539210
2009-10-28,sz.000338,5.0724808400,5.1259446400,4.9194921200,4.9737784400,5.0724808400,3573623,216854925.9500,2,1.272564,1,-1.945836,21.943078,4.823363,1.671830,-105.446668
2009-10-29,sz.000338,4.9342974800,5.1810534800,4.8939940000,5.0757709200,4.9737784400,4299041,264859580.5500,2,1.530884,1,2.050600,22.393044,4.922271,1.706113,-107.608961
2009-10-30,sz.000338,5.1572004000,5.3052540000,5.1160744000,5.2040840400,5.0757709200,3939114,250191232.1600,2,1.402715,1,2.528000,22.959129,5.046704,1.749243,-110.329266
2009-11-02,sz.000338,5.0913988000,5.3365097600,5.0461602000,5.3307521200,5.2040840400,3780973,240564296.6500,2,1.346401,1,2.434000,23.517957,5.169541,1.791820,-113.014694
2009-11-03,sz.000338,5.3299296000,5.4697580000,5.1983264000,5.3093666000,5.3307521200,5896874,379685364.3900,2,2.099871,1,-0.401200,23.423610,5.148802,1.784631,-112.561310
2009-11-04,sz.000338,5.3093666000,5.3134792000,5.1637805600,5.2476776000,5.3093666000,4878690,309321142.4300,2,1.737297,1,-1.161900,23.151453,5.088979,1.763896,-111.253471
2009-11-05,sz.000338,5.2394524000,5.2460325600,5.0568529600,5.1004465200,5.2476776000,7532603,468176146.3500,2,2.682353,1,-2.805600,22.501906,4.946200,1.714407,-108.132097
2009-11-06,sz.000338,5.1654256000,5.2230020000,5.0667232000,5.1621355200,5.1004465200,4611079,288216748.2300,2,1.642001,1,1.209500,22.774063,5.006024,1.735143,-109.439935
2009-11-09,sz.000338,5.1826985200,5.3118341600,5.1580229200,5.1983264000,5.1621355200,3795123,240810216.5400,2,1.351440,1,0.701100,22.933728,5.041120,1.747307,-110.207201
2009-11-10,sz.000338,5.2238245200,5.2559028000,5.1160744000,5.1654256000,5.1983264000,3356055,210549948.7400,2,1.195088,1,-0.632900,22.788578,5.009214,1.736249,-109.509687
2009-11-11,sz.000338,5.1547328400,5.1547328400,5.0798835200,5.0913988000,5.1654256000,3533988,219192367.2400,2,1.258450,1,-1.433100,22.461990,4.937426,1.711366,-107.940280
2009-11-12,sz.000338,5.0930438400,5.2312272000,5.0930438400,5.1547328400,5.0913988000,4056606,255448500.1700,2,1.444554,1,1.243900,22.741404,4.998845,1.732654,-109.282995
2009-11-13,sz.000338,5.1646030800,5.3480250400,5.1572004000,5.3447349600,5.1547328400,6871006,436554249.2300,2,2.446759,1,3.686000,23.579646,5.183101,1.796520,-113.311138
2009-11-16,sz.000338,5.3957312000,5.4310995600,5.2970288000,5.3784582800,5.3447349600,8596581,560930264.8500,2,3.061234,1,0.631000,23.728425,5.215804,1.807855,-114.026089
2009-11-17,sz.000338,5.3710556000,5.3875060000,5.2805784000,5.2962062800,5.3784582800,5238698,338812291.6200,2,1.865495,1,-1.529300,23.365550,5.136040,1.780208,-112.282305
2009-11-18,sz.000338,5.3052540000,5.3381548000,5.1958588400,5.2123092400,5.2962062800,4365494,278209942.8900,2,1.554548,1,-1.584100,22.995417,5.054680,1.752008,-110.503644
2009-11-19,sz.000338,5.2123092400,5.2542577600,5.1078492000,5.1826985200,5.2123092400,6143843,385574893.5500,2,2.187817,1,-0.568100,22.864782,5.025965,1.742054,-109.875881
2009-11-20,sz.000338,5.1728282800,5.2230020000,5.1325248000,5.1407500000,5.1826985200,4340263,272492473.5400,2,1.545564,1,-0.809400,22.679715,4.985285,1.727954,-108.986551
2009-11-23,sz.000338,5.1366374000,5.2197119200,5.1366374000,5.2164218400,5.1407500000,4903697,308051919.7400,2,1.746202,1,1.472000,23.013561,5.058668,1.753390,-110.590833
2009-11-24,sz.000338,5.2230020000,5.3546052000,5.0872862000,5.0971564400,5.2164218400,8979668,570910797.3400,2,3.197651,1,-2.286300,22.487391,4.943010,1.713301,-108.062345
2009-11-25,sz.000338,5.0897537600,5.1407500000,4.8125645200,5.0560304400,5.0971564400,10209947,618568905.8300,2,3.635752,1,-0.806800,22.305953,4.903127,1.699478,-107.190453
2009-11-26,sz.000338,5.0584980000,5.0741258800,4.7697934800,4.7887114400,5.0560304400,8489251,504813860.8800,2,3.023014,1,-5.287100,21.126608,4.643893,1.609624,-101.523152
2009-11-27,sz.000338,4.7459404000,4.8528680000,4.6982342400,4.7804862400,4.7887114400,4227442,245899272.1200,2,1.505388,1,-0.171800,21.090321,4.635916,1.606859,-101.348774
2009-11-30,sz.000338,4.7870664000,4.9556830000,4.7854213600,4.9293623600,4.7804862400,4359877,258901000.7900,2,1.552548,1,3.114200,21.747125,4.780290,1.656901,-104.505024
2009-12-01,sz.000338,4.9375875600,5.0157269600,4.9022192000,4.9622631600,4.9293623600,3074132,185337060.3500,2,1.094695,1,0.667400,21.892275,4.812196,1.667960,-105.202538
2009-12-02,sz.000338,5.0091468000,5.0223071200,4.9359425200,4.9926964000,4.9622631600,3261167,197787370.8700,2,1.161298,1,0.613300,22.026539,4.841709,1.678189,-105.847739
2009-12-03,sz.000338,5.0116143600,5.1160744000,4.9268948000,4.9894063200,4.9926964000,5018417,306946843.0400,2,1.787054,1,-0.065900,22.012024,4.838518,1.677083,-105.777987
2009-12-04,sz.000338,4.9951639600,5.1012690400,4.9433452000,5.0560304400,4.9894063200,5381637,329512353.5600,2,1.916396,1,1.335300,22.305953,4.903127,1.699478,-107.190453
2009-12-07,sz.000338,5.0667232000,5.1193644800,5.0091468000,5.0329998800,5.0560304400,3773904,230924959.3400,2,1.343884,1,-0.455500,22.204348,4.880793,1.691736,-106.702193
2009-12-08,sz.000338,5.0329998800,5.0667232000,4.9096218800,4.9762460000,5.0329998800,4521973,271785975.0800,2,1.610270,1,-1.127600,21.953964,4.825756,1.672660,-105.498982
2009-12-09,sz.000338,4.9359425200,5.0913988000,4.6472380000,4.9976315200,4.9762460000,3513796,213123349.7900,2,1.251259,1,0.429800,22.048312,4.846494,1.679848,-105.952366
2009-12-10,sz.000338,5.0042116800,5.0584980000,4.9532154400,5.0247746800,4.9976315200,2401645,146495604.2800,2,0.855223,1,0.543100,22.168061,4.872817,1.688972,-106.527815
2009-12-11,sz.000338,5.0255972000,5.0667232000,5.0009216000,5.0659006800,5.0247746800,2169179,132826999.1500,2,0.772443,1,0.818500,22.349499,4.912699,1.702795,-107.399707
2009-12-14,sz.000338,5.0667232000,5.0741258800,4.8939940000,4.9581505600,5.0659006800,3016138,181422476.6200,2,1.074044,1,-2.127000,21.874132,4.808207,1.666577,-105.115349
2009-12-15,sz.000338,4.9811811200,4.9836486800,4.9186696000,4.9285398400,4.9581505600,2147147,128957079.7100,2,0.764597,1,-0.597200,21.743497,4.779492,1.656624,-104.487586
2009-12-16,sz.000338,4.9285398400,4.9704883600,4.8865913200,4.9186696000,4.9285398400,2214491,132878171.3900,2,0.788578,1,-0.200300,21.699952,4.769921,1.653307,-104.278332
2009-12-17,sz.000338,4.9236047200,4.9334749600,4.7303125200,4.7697934800,4.9186696000,3281554,191820486.2000,2,1.168558,1,-3.026800,21.043147,4.625547,1.603265,-101.122082
2009-12-18,sz.000338,4.7623908000,4.7623908000,4.6373677600,4.6406578400,4.7697934800,3448025,195471728.6000,2,1.227838,1,-2.707400,20.473433,4.500316,1.559859,-98.384340
2009-12-21,sz.000338,4.6324326400,4.6801388000,4.6061120000,4.6431254000,4.6406578400,2250500,126890454.1200,2,0.801401,1,0.053200,20.484319,4.502709,1.560688,-98.436653
2009-12-22,sz.000338,4.6702685600,5.0017441200,4.6702685600,4.8504004400,4.6431254000,7011117,413379180.9600,2,2.496652,1,4.464100,21.398765,4.703716,1.630360,-102.830991
2009-12-23,sz.000338,4.8043393200,4.9458127600,4.7911790000,4.9433452000,4.8504004400,2660732,157677470.5600,2,0.947484,1,1.916200,21.808814,4.793850,1.661601,-104.801468
2009-12-24,sz.000338,4.9548604800,5.1465076400,4.9507478800,5.0988014800,4.9433452000,5481327,338668337.9300,2,1.951895,1,3.144800,22.494649,4.944605,1.713854,-108.097221
2009-12-25,sz.000338,5.0996240000,5.2230020000,5.0996240000,5.2016164800,5.0988014800,4765883,300464166.3700,2,1.697126,1,2.016500,22.948243,5.044311,1.748413,-110.276952
2009-12-28,sz.000338,5.2016164800,5.3052540000,5.2016164800,5.2814009200,5.2016164800,5180374,332075083.1900,2,1.844726,1,1.533800,23.300232,5.121682,1.775231,-111.968423
2009-12-30,sz.000338,5.2814009200,5.3217044000,5.1720057600,5.2805784000,5.2814009200,6234158,397688181.8000,2,2.219978,1,-0.015600,23.296603,5.120885,1.774955,-111.950985
2009-12-31,sz.000338,5.2649505200,5.3217044000,5.1901012000,5.3036089600,5.2805784000,3470154,222130883.2900,2,1.235719,1,0.436100,23.398209,5.143219,1.782696,-112.439245
2010-01-04,sz.000338,5.3455574800,5.3546052000,5.2065516000,5.2328722400,5.3036089600,3579772,228205702.8600,2,1.274753,1,-1.333700,23.086136,5.074621,1.758919,-110.939590
2010-01-05,sz.000338,5.2517902000,5.2641280000,5.1037366000,5.1284122000,5.2328722400,4026288,252993521.3500,2,1.433757,1,-1.996200,22.625284,4.973320,1.723807,-108.724984
2010-01-06,sz.000338,5.1037366000,5.6416646800,5.1037366000,5.5890234000,5.1284122000,12620131,852487012.9500,2,4.494017,1,8.981600,24.657386,5.420002,1.878632,-118.490178
2010-01-07,sz.000338,5.6169890800,5.7568174800,5.5108840000,5.5766856000,5.5890234000,8833281,602435437.3800,2,3.145523,1,-0.220800,24.602955,5.408037,1.874485,-118.228611
2010-01-08,sz.000338,5.5849108000,5.7288518000,5.4829183200,5.6655177600,5.5766856000,6138854,419508565.9100,2,2.186040,1,1.592900,24.994861,5.494183,1.904344,-120.111898
2010-01-11,sz.000338,5.7453022000,5.8801954800,5.5832657600,5.8653901200,5.6655177600,5739968,400646256.2000,2,2.043997,1,3.527900,25.876648,5.688011,1.971527,-124.349295
2010-01-12,sz.000338,5.8407145200,5.8933558000,5.6844357200,5.8217965600,5.8653901200,3965389,278658602.9300,2,1.412071,1,-0.743200,25.684324,5.645735,1.956874,-123.425090
2010-01-13,sz.000338,5.6671628000,5.7576400000,5.5182866800,5.6030062400,5.8217965600,5403912,369610807.3500,2,1.924328,1,-3.758100,24.719075,5.433562,1.883332,-118.786622
2010-01-14,sz.000338,5.6030062400,5.7296743200,5.6030062400,5.6342620000,5.6030062400,3403091,233995188.7500,2,1.211837,1,0.557800,24.856968,5.463872,1.893838,-119.449260
2010-01-15,sz.000338,5.6342620000,5.9632700000,5.5766856000,5.8933558000,5.6342620000,5346324,381614163.7300,2,1.903821,1,4.598500,26.000026,5.715131,1.980927,-124.942182
2010-01-18,sz.000338,5.9056936000,6.3005032000,5.8875981600,6.2281214400,5.8933558000,7565136,567922510.5000,2,2.693938,1,5.680400,27.476929,6.039772,2.093451,-132.039387
2010-01-19,sz.000338,6.1845278800,6.3210662000,6.1343541600,6.1598522800,6.2281214400,3296777,249201952.3600,2,1.173979,1,-1.096100,27.175742,5.973568,2.070504,-130.592045
2010-01-20,sz.000338,6.1277740000,6.2511520000,5.8892432000,5.9591574000,6.1598522800,3730660,274184807.1700,2,1.328484,1,-3.258100,26.290326,5.778942,2.003045,-126.337210
2010-01-21,sz.000338,6.0784228000,6.1524496000,5.8522298000,5.9353043200,5.9591574000,3223593,233795056.8200,2,1.147918,1,-0.400300,26.185092,5.755810,1.995027,-125.831513
2010-01-22,sz.000338,5.8316668000,5.8316668000,5.3899735600,5.5059488800,5.9353043200,9980331,674667369.8500,2,3.553986,1,-7.233900,24.290882,5.339439,1.850708,-116.728956
2010-01-25,sz.000338,5.3957312000,5.5108840000,5.3710556000,5.4286320000,5.5059488800,4613441,305074495.1900,2,1.642842,1,-1.404200,23.949779,5.264461,1.824720,-115.089798
2010-01-26,sz.000338,5.4549526400,5.5084164400,5.1901012000,5.2559028000,5.4286320000,5228211,334967572.7900,2,1.861761,1,-3.181800,23.187741,5.096955,1.766661,-111.427850
2010-01-27,sz.000338,5.2213569600,5.4204068000,5.2139542800,5.3299296000,5.2559028000,4104025,264436757.1800,2,1.461439,1,1.408500,23.514329,5.168743,1.791543,-112.997256
2010-01-28,sz.000338,5.3052540000,5.5520100000,5.3052540000,5.4508400400,5.3299296000,2910751,192265392.7400,2,1.036516,1,2.268500,24.047756,5.285997,1.832185,-115.560620
2010-01-29,sz.000338,5.4516625600,5.5824432400,5.3052540000,5.3546052000,5.4508400400,3940258,260681112.0700,2,1.403122,1,-1.765500,23.623191,5.192673,1.799837,-113.520392
2010-02-01,sz.000338,5.3258170000,5.3258170000,4.9762460000,4.9770685200,5.3546052000,4987785,307937728.3200,2,1.776145,1,-7.050700,21.957593,4.826553,1.672936,-105.516419
2010-02-02,sz.000338,4.9770685200,5.1720057600,4.9770685200,5.0173720000,4.9770685200,5802292,359879184.7700,2,2.066191,1,0.809800,22.135402,4.865638,1.686483,-106.370874
2010-02-03,sz.000338,5.0988014800,5.3044314800,4.8939940000,5.2937387200,5.0173720000,4214178,262002173.3500,2,1.500665,1,5.508200,23.354664,5.133647,1.779378,-112.229991
2010-02-04,sz.000338,5.3093666000,5.3118341600,5.1744733200,5.2106642000,5.2937387200,3575633,227249890.1600,2,1.273280,1,-1.569300,22.988159,5.053085,1.751455,-110.468768
2010-02-05,sz.000338,5.0979789600,5.1901012000,5.0173720000,5.1078492000,5.2106642000,2431837,150750520.7500,2,0.865975,1,-1.973200,22.534565,4.953379,1.716895,-108.289037
2010-02-08,sz.000338,5.1127843200,5.1391049600,5.0247746800,5.0667232000,5.1078492000,1505676,92789371.7000,2,0.536170,1,-0.805200,22.353127,4.913497,1.703072,-107.417145
2010-02-09,sz.000338,5.0157269600,5.1004465200,4.9910513600,5.0338224000,5.0667232000,1177903,72112677.9800,2,0.419450,1,-0.649400,22.207977,4.881591,1.692013,-106.719631
2010-02-10,sz.000338,5.0988014800,5.2312272000,5.0988014800,5.2312272000,5.0338224000,2707802,170403211.1200,2,0.964246,1,3.921600,23.078878,5.073026,1.758366,-110.904715
2010-02-11,sz.000338,5.2641280000,5.2641280000,5.1868111200,5.1942138000,5.2312272000,2212252,140647619.8600,2,0.787781,1,-0.707500,22.915584,5.037132,1.745925,-110.120011
2010-02-12,sz.000338,5.2295821600,5.2517902000,5.1826985200,5.2304046800,5.1942138000,1588666,100739382.9700,2,0.565722,1,0.696800,23.075249,5.072228,1.758090,-110.887277
2010-02-22,sz.000338,5.3044314800,5.3044314800,5.1654256000,5.2304046800,5.2304046800,1610309,101923830.3300,2,0.573430,1,0.000000,23.075249,5.072228,1.758090,-110.887277
2010-02-23,sz.000338,5.2304046800,5.2534352400,5.0831736000,5.2336947600,5.2304046800,1888739,118731884.7300,2,0.672578,1,0.062900,23.089764,5.075419,1.759196,-110.957028
2010-02-24,sz.000338,5.1802309600,5.4286320000,5.1242996000,5.4088915200,5.2336947600,3098567,202267969.1900,2,1.103397,1,3.347500,23.862689,5.245317,1.818084,-114.671290
2010-02-25,sz.000338,5.4327446000,5.5914909600,5.3875060000,5.5766856000,5.4088915200,2991273,198798866.9000,2,1.065189,1,3.102200,24.602955,5.408037,1.874485,-118.228611
2010-02-26,sz.000338,5.5520100000,5.7518823600,5.5108840000,5.6671628000,5.5766856000,3636451,250315648.8400,2,1.294937,1,1.622400,25.002118,5.495778,1.904897,-120.146774
2010-03-01,sz.000338,5.6630502000,5.8119263200,5.6531799600,5.7124014000,5.6671628000,2144551,149012093.2500,2,0.763673,1,0.798300,25.201700,5.539648,1.920103,-121.105856
2010-03-02,sz.000338,5.6753880000,5.7115788800,5.4870309200,5.5577676400,5.7124014000,3292188,222820999.6900,2,1.172345,1,-2.707000,24.519494,5.389691,1.868126,-117.827540
2010-03-03,sz.000338,5.5553000800,5.5561226000,5.4516625600,5.5273344000,5.5577676400,3264306,218052845.3800,2,1.162416,1,-0.547600,24.385230,5.360178,1.857897,-117.182340
2010-03-04,sz.000338,5.5166416400,5.7239166800,5.3817483600,5.4368572000,5.5273344000,4768844,325178049.1000,2,1.698181,1,-1.636900,23.986067,5.272437,1.827485,-115.264177
2010-03-05,sz.000338,5.4738706000,5.5100614800,5.3883285200,5.4286320000,5.4368572000,3092030,204913401.3100,2,1.101069,1,-0.151300,23.949779,5.264461,1.824720,-115.089798
2010-03-08,sz.000338,5.4450824000,5.6087638800,5.3940861600,5.5520100000,5.4286320000,3488626,234157746.1700,2,1.242296,1,2.272700,24.494092,5.384108,1.866191,-117.705475
2010-03-09,sz.000338,5.5766856000,5.5766856000,5.4697580000,5.4820958000,5.5520100000,2117973,141948551.4300,2,0.754208,1,-1.259300,24.185648,5.316308,1.842691,-116.223258
2010-03-10,sz.000338,5.4862084000,5.5322695200,5.3652979600,5.4080690000,5.4820958000,1944285,127976404.3000,2,0.692358,1,-1.350300,23.859060,5.244520,1.817808,-114.653852
2010-03-11,sz.000338,5.3875060000,5.4352121600,5.3669430000,5.3875060000,5.4080690000,1847446,121240556.4600,2,0.657874,1,-0.380200,23.768342,5.224578,1.810896,-114.217906
2010-03-12,sz.000338,5.3710556000,5.3825708800,5.1950363200,5.1958588400,5.3875060000,3174717,203264919.4100,2,1.130514,1,-3.557300,22.922842,5.038727,1.746478,-110.154887
2010-03-15,sz.000338,5.1818760000,5.2550802800,5.0420476000,5.0831736000,5.1958588400,3335570,208682857.2100,2,1.187793,1,-2.168800,22.425702,4.929450,1.708601,-107.765902
2010-03-16,sz.000338,5.0831736000,5.1489752000,5.0749484000,5.1382824400,5.0831736000,1210285,75286381.1200,2,0.430981,1,1.084100,22.668829,4.982892,1.727125,-108.934238
2010-03-17,sz.000338,5.1654256000,5.2641280000,5.1654256000,5.2559028000,5.1382824400,1722614,109453453.6000,2,0.613421,1,2.289100,23.187741,5.096955,1.766661,-111.427850
2010-03-18,sz.000338,5.2707081600,5.3036089600,5.1859886000,5.2007939600,5.2559028000,1602659,102125455.0500,2,0.570705,1,-1.048500,22.944614,5.043513,1.748137,-110.259514
2010-03-19,sz.000338,5.2106642000,5.2526127200,5.1407500000,5.2221794800,5.2007939600,1686960,106653290.5800,2,0.600725,1,0.411200,23.038962,5.064252,1.755325,-110.712898
2010-03-22,sz.000338,5.2641280000,5.3315746400,5.2312272000,5.3134792000,5.2221794800,1728186,111330534.4100,2,0.615405,1,1.748300,23.441754,5.152790,1.786014,-112.648499
2010-03-23,sz.000338,5.3143017200,5.3710556000,5.2567253200,5.2904486400,5.3134792000,2586609,166823647.1700,2,0.921089,1,-0.433400,23.340149,5.130456,1.778272,-112.160240
2010-03-24,sz.000338,5.2912711600,5.3118341600,5.2509676800,5.2657730400,5.2904486400,2529210,161986546.3800,2,0.900649,1,-0.466400,23.231286,5.106527,1.769978,-111.637104
2010-03-25,sz.000338,5.2665955600,5.2665955600,5.1407500000,5.1489752000,5.2657730400,2720912,171342255.2300,2,0.968914,1,-2.218100,22.716003,4.993261,1.730719,-109.160930
2010-03-26,sz.000338,5.1399274800,5.6342620000,5.1242996000,5.5133515600,5.1489752000,5557641,364669842.7600,2,1.979071,1,7.076700,24.323541,5.346618,1.853197,-116.885896
2010-03-29,sz.000338,5.5421397600,5.6630502000,5.5421397600,5.5824432400,5.5133515600,4425745,301112564.9700,2,1.576004,1,1.253200,24.628356,5.413620,1.876420,-118.350676
2010-03-30,sz.000338,5.5824432400,5.7979434800,5.5824432400,5.7329644000,5.5824432400,5269984,366105283.9500,2,1.876636,1,2.696300,25.292418,5.559590,1.927015,-121.541802
2010-03-31,sz.000338,5.7329644000,5.7370770000,5.6104089200,5.6581150800,5.7329644000,2483113,170952025.0300,2,0.884234,1,-1.305600,24.962202,5.487004,1.901856,-119.954958
2010-04-01,sz.000338,5.6359070400,5.8851306000,5.6359070400,5.8316668000,5.6581150800,4119449,289465674.3500,2,1.466932,1,3.067300,25.727869,5.655307,1.960191,-123.634344
2010-04-02,sz.000338,5.8398920000,6.0134437200,5.7576400000,6.0126212000,5.8316668000,4186465,302097383.6800,2,1.490796,1,3.103000,26.526195,5.830789,2.021015,-127.470670
2010-04-06,sz.000338,6.0216689200,6.1475144800,5.8234416000,5.8316668000,6.0126212000,5779985,418578446.0200,2,2.058247,1,-3.009600,25.727869,5.655307,1.960191,-123.634344
2010-04-07,sz.000338,5.8308442800,5.9443520400,5.7263842400,5.8308442800,5.8316668000,3654154,257756834.6600,2,1.301241,1,-0.014100,25.724240,5.654509,1.959915,-123.616906
2010-04-08,sz.000338,5.8069912000,5.8069912000,5.5569451200,5.6095864000,5.8308442800,6184622,424544557.8600,2,2.202338,1,-3.794600,24.748105,5.439943,1.885544,-118.926125
2010-04-09,sz.000338,5.6326169600,5.7000636000,5.5758630800,5.6317944400,5.6095864000,4931813,337584467.7900,2,1.756214,1,0.395900,24.846082,5.461479,1.893009,-119.396947
2010-04-12,sz.000338,5.7000636000,5.7436571600,5.3916186000,5.4409698000,5.6317944400,8134473,544790387.5200,2,2.896678,1,-3.388300,24.004211,5.276425,1.828867,-115.351366
2010-04-13,sz.000338,5.4533076000,5.6359070400,5.3463800000,5.6211016800,5.4409698000,6840877,456433387.2400,2,2.436030,1,3.310700,24.798908,5.451110,1.889414,-119.170255
2010-04-14,sz.000338,5.6153440400,5.6178116000,5.5092389600,5.5602352000,5.6211016800,3942269,266363835.8300,2,1.403838,1,-1.082800,24.530380,5.392084,1.868955,-117.879854
2010-04-15,sz.000338,5.5684604000,5.6589376000,5.4779832000,5.5849108000,5.5602352000,4772693,323788969.1900,2,1.699551,1,0.443800,24.639243,5.416013,1.877250,-118.402989
2010-04-16,sz.000338,5.5931360000,5.5972486000,5.4870309200,5.5084164400,5.5849108000,2487992,167181574.0600,2,0.885972,1,-1.369700,24.301768,5.341832,1.851538,-116.781269
2010-04-19,sz.000338,5.4820958000,5.4820958000,5.1078492000,5.1415725200,5.5084164400,8196780,523883701.2500,2,2.918866,1,-6.659700,22.683344,4.986082,1.728231,-109.003989
2010-04-20,sz.000338,5.1514427600,5.2180668800,5.0839961200,5.1530878000,5.1415725200,4672486,292094460.6800,2,1.663868,1,0.224000,22.734147,4.997249,1.732101,-109.248119
2010-04-21,sz.000338,5.2016164800,5.3052540000,5.1572004000,5.2641280000,5.1530878000,5163548,328054990.3100,2,1.838735,1,2.154800,23.224028,5.104932,1.769425,-111.602228
2010-04-22,sz.000338,5.2690631200,5.2690631200,5.1242996000,5.1382824400,5.2641280000,5851152,368202354.1300,2,2.083590,1,-2.390600,22.668829,4.982892,1.727125,-108.934238
2010-04-23,sz.000338,5.1366374000,5.2764658000,5.1152518800,5.2764658000,5.1382824400,6539771,414234590.0700,2,2.328806,1,2.689300,23.278460,5.116896,1.773572,-111.863796
2010-04-26,sz.000338,5.2846910000,5.4779832000,5.2846910000,5.4631778400,5.2764658000,7583828,500941197.1700,2,2.700594,1,3.538600,24.102187,5.297962,1.836332,-115.822188
2010-04-27,sz.000338,5.3710556000,5.4162942000,4.9178470800,5.0272422400,5.4631778400,14056147,869896881.6400,2,5.005381,1,-7.979500,10.913448,3.803426,1.143336,67.213656
2010-04-28,sz.000338,5.0297098000,5.1711832400,4.9499253600,5.0149044400,5.0272422400,7659395,471406929.7000,2,2.727503,1,-0.245400,10.886665,3.794092,1.140530,67.048701
2010-04-29,sz.000338,5.0584980000,5.0979789600,4.9342974800,4.9466352800,5.0149044400,5858985,355362863.9100,2,2.086379,1,-1.361300,10.738462,3.742442,1.125004,66.135951
2010-04-30,sz.000338,4.9433452000,5.2805784000,4.8874138400,5.1975038800,4.9466352800,8986024,552838331.1000,2,3.199915,1,5.071500,11.283063,3.932240,1.182059,69.490035
2010-05-04,sz.000338,5.1078492000,5.2978513200,5.0659006800,5.0996240000,5.1975038800,7494799,471835077.2600,2,2.668891,1,-1.883200,11.070579,3.858187,1.159798,68.181392
2010-05-05,sz.000338,5.0329998800,5.1818760000,4.9597956000,5.1637805600,5.0996240000,7900999,483808206.4600,2,2.813538,1,1.258100,11.209854,3.906726,1.174389,69.039158
2010-05-06,sz.000338,5.1152518800,5.1160744000,4.7920015200,4.8446428000,5.1637805600,10259515,615754539.2800,2,3.653404,1,-6.180300,10.517050,3.665278,1.101808,64.772323
2010-05-07,sz.000338,4.6965892000,4.8931714800,4.5485356000,4.8364176000,4.8446428000,11318014,648067966.0800,2,4.030334,1,-0.169800,10.499194,3.659055,1.099937,64.662353
2010-05-10,sz.000338,4.8117420000,4.9548604800,4.7541656000,4.9211371600,4.8364176000,6514402,385449694.6100,2,2.319772,1,1.751700,10.683109,3.723151,1.119205,65.795044
2010-05-11,sz.000338,5.0338224000,5.0675457200,4.7714385200,4.8610932000,4.9211371600,5324771,318201958.5300,2,1.896146,1,-1.220100,10.552762,3.677724,1.105549,64.992263
2010-05-12,sz.000338,4.7920015200,4.8923489600,4.7418278000,4.8364176000,4.8610932000,4315898,253399136.1500,2,1.536887,1,-0.507600,10.499194,3.659055,1.099937,64.662353
2010-05-13,sz.000338,4.8504004400,4.9244272400,4.7788412000,4.9104444000,4.8364176000,4071273,240520070.5900,2,1.449776,1,1.530600,10.659896,3.715061,1.116773,65.652083
2010-05-14,sz.000338,4.9104444000,4.9104444000,4.8281924000,4.8446428000,4.9104444000,3608044,213106675.7600,2,1.284821,1,-1.340000,10.517050,3.665278,1.101808,64.772323
2010-05-17,sz.000338,4.6974117200,4.8035168000,4.5797913600,4.6044669600,4.8446428000,5739176,323648871.1600,2,2.043715,1,-4.957600,9.995662,3.483570,1.047185,61.561199
2010-05-18,sz.000338,4.5896616000,4.6801388000,4.5115222000,4.6340776800,4.6044669600,4288600,239887562.7000,2,1.527166,1,0.643100,10.059942,3.505972,1.053920,61.957091
2010-05-19,sz.000338,4.5658085200,4.6719136000,4.5649860000,4.5888390800,4.6340776800,3004562,168745834.6500,2,1.069922,1,-0.976200,9.961736,3.471746,1.043631,61.352256
2010-05-20,sz.000338,4.5485356000,4.8586256400,4.5485356000,4.7327800800,4.5888390800,10219662,593551804.9700,2,3.639212,1,3.136800,10.274212,3.580647,1.076367,63.276731
2010-05-21,sz.000338,4.6061120000,4.9186696000,4.5649860000,4.8874138400,4.7327800800,6717531,394867702.1900,2,2.392106,1,3.267300,10.609900,3.697637,1.111535,65.344167
2010-05-24,sz.000338,4.9268948000,5.1407500000,4.9063318000,5.0346449200,4.8874138400,7110586,435858161.6700,2,2.532073,1,3.012500,10.929518,3.809027,1.145020,67.312629
2010-05-25,sz.000338,5.0173720000,5.0255972000,4.8758985600,4.9071543200,5.0346449200,4875907,293397971.8500,2,1.736306,1,-2.532300,10.652754,3.712572,1.116025,65.608095
2010-05-26,sz.000338,4.9063318000,4.9762460000,4.8528680000,4.8791886400,4.9071543200,1960699,116758748.9700,2,0.698203,1,-0.569900,10.592044,3.691414,1.109665,65.234197
2010-05-27,sz.000338,4.8808336800,4.9704883600,4.8347725600,4.9696658400,4.8791886400,2695172,161329332.4500,2,0.959748,1,1.854300,10.788458,3.759866,1.130242,66.443866
2010-05-28,sz.000338,5.0173720000,5.0519178400,4.9170245600,4.9203146400,4.9696658400,2888247,174764455.1400,2,1.028502,1,-0.993000,10.681323,3.722528,1.119018,65.784047
2010-05-31,sz.000338,4.9022192000,4.9022192000,4.7484079600,4.7484079600,4.9203146400,3513633,205561346.2600,2,1.251201,1,-3.493800,10.308138,3.592470,1.079922,63.485674
2010-06-01,sz.000338,4.6974117200,4.7994042000,4.6571082400,4.7048144000,4.7484079600,3151420,180795830.6100,2,1.122218,1,-0.918100,10.213502,3.559489,1.070007,62.902833
2010-06-02,sz.000338,4.6932991200,4.7771961600,4.6760262000,4.7665034000,4.7048144000,2268013,130421928.4000,2,0.807637,1,1.311200,10.347420,3.606161,1.084037,63.727608
2010-06-03,sz.000338,4.8026942800,4.8150320800,4.6990567600,4.7278449600,4.7665034000,3478948,201220729.5100,2,1.238850,1,-0.811000,10.263498,3.576913,1.075245,63.210749
2010-06-04,sz.000338,4.7048144000,4.7171522000,4.5962417600,4.6686235200,4.7278449600,3568932,201689550.1400,2,1.270893,1,-1.252600,10.134937,3.532108,1.061776,62.418965
2010-06-07,sz.000338,4.5962417600,4.6143372000,4.5189248800,4.5238600000,4.6686235200,4912080,271830284.8000,2,1.749187,1,-3.100800,9.820675,3.422586,1.028853,60.483493
2010-06-08,sz.000338,4.5238600000,4.5880165600,4.5139897600,4.5361978000,4.5238600000,2403621,132848426.7000,2,0.855927,1,0.272700,9.847459,3.431920,1.031659,60.648448
2010-06-09,sz.000338,4.5748562400,4.7113945600,4.5222149600,4.6867189600,4.5361978000,4228008,237071525.8900,2,1.505590,1,3.318219,10.174219,3.545799,1.065892,62.660899
2010-06-10,sz.000338,4.6546406800,4.6620433600,4.6077570400,4.6225624000,4.6867189600,3183228,179259468.6500,2,1.133544,1,-1.368900,10.034944,3.497260,1.051301,61.803133
2010-06-11,sz.000338,4.6324326400,4.6710910800,4.6143372000,4.6636884000,4.6225624000,2614879,147561680.6800,2,0.931156,1,0.889700,10.124223,3.528375,1.060654,62.352983
2010-06-18,sz.000338,4.6069345200,4.7105720400,4.5814364000,4.6653334400,4.6636884000,4444257,251838673.2200,2,1.582596,1,0.035300,10.127794,3.529619,1.061028,62.374977
2010-06-21,sz.000338,4.6636884000,4.8421752400,4.5921291600,4.8109194800,4.6653334400,4857698,281772520.3900,2,1.729822,1,3.120600,10.443841,3.639764,1.094138,64.321446
2010-06-22,sz.000338,4.7952916000,4.8693184000,4.7788412000,4.8281924000,4.8109194800,3772557,221974469.4100,2,1.343404,1,0.359000,10.481339,3.652832,1.098067,64.552383
2010-06-23,sz.000338,4.7870664000,4.8693184000,4.7516980400,4.8372401200,4.8281924000,3815495,223920392.4900,2,1.358694,1,0.187400,10.500980,3.659677,1.100124,64.673350
2010-06-24,sz.000338,4.8405302000,5.0255972000,4.8224347600,4.9844712000,4.8372401200,6194112,372673123.5000,2,2.205717,1,3.043700,10.820598,3.771067,1.133609,66.641812
2010-06-25,sz.000338,4.9597956000,5.0165494800,4.8462878400,4.9844712000,4.9844712000,5242343,313643181.9000,2,1.866793,1,0.000000,10.820598,3.771067,1.133609,66.641812
2010-06-28,sz.000338,4.9359425200,5.0872862000,4.9359425200,5.0091468000,4.9844712000,4106314,250933067.7000,2,1.462255,1,0.495000,10.874166,3.789736,1.139221,66.971722
2010-06-29,sz.000338,5.0173720000,5.0288872800,4.7911790000,4.9186696000,5.0091468000,4373229,260510776.1400,2,1.557303,1,-1.806200,10.677752,3.721284,1.118644,65.762053
2010-06-30,sz.000338,4.8528680000,5.0988014800,4.8133870400,5.0584980000,4.9186696000,4951199,299493102.7800,2,1.763117,1,2.842800,10.981300,3.827073,1.150445,67.631542
2010-07-01,sz.000338,5.0765934400,5.0864636800,4.8898814000,4.8907039200,5.0584980000,3802279,230292426.5700,2,1.353988,1,-3.317100,10.617042,3.700126,1.112284,65.388155
2010-07-02,sz.000338,4.8528680000,4.9918738800,4.8035168000,4.9351200000,4.8907039200,3771917,225476939.4100,2,1.343176,1,0.908200,10.713464,3.733730,1.122385,65.981993
2010-07-05,sz.000338,4.8791886400,4.9351200000,4.7706160000,4.8734310000,4.9351200000,2944342,173870556.0800,2,1.048477,1,-1.250000,10.579545,3.687058,1.108355,65.157218
2010-07-06,sz.000338,4.8997516400,4.9778910400,4.8257248400,4.9565055200,4.8734310000,2143389,128672006.2000,2,0.763259,1,1.704600,10.759889,3.749909,1.127249,66.267915
2010-07-07,sz.000338,4.9597956000,5.0050342000,4.8701409200,4.9680208000,4.9565055200,2107240,126673222.9000,2,0.750386,1,0.232300,10.784887,3.758621,1.129868,66.421872
2010-07-08,sz.000338,4.9803586000,5.2131317600,4.9803586000,5.1662481200,4.9680208000,6104864,380285425.6100,2,2.173936,1,3.990100,11.215211,3.908593,1.174950,69.072149
2010-07-09,sz.000338,5.1333473200,5.4286320000,5.1325248000,5.3513151200,5.1662481200,8776410,566195768.9700,2,3.125271,1,3.582200,11.616966,4.048608,1.217040,71.546474
2010-07-12,sz.000338,5.3463800000,5.8810180000,5.3052540000,5.4779832000,5.3513151200,12258943,830387426.5800,2,4.365398,1,2.367000,11.891945,4.144440,1.245847,73.240012
2010-07-13,sz.000338,5.4286320000,5.6202791600,5.3858609600,5.5133515600,5.4779832000,5410227,361070975.0200,2,1.926577,1,0.645600,11.968724,4.171198,1.253891,73.712883
2010-07-14,sz.000338,5.5207542400,5.5832657600,5.3940861600,5.4064239600,5.5133515600,4538742,302192449.1600,2,1.616242,1,-1.939400,11.736599,4.090301,1.229573,72.283273
2010-07-15,sz.000338,5.4171167200,5.5931360000,5.4121816000,5.4204068000,5.4064239600,4442771,296443307.9800,2,1.582067,1,0.258600,11.766954,4.100880,1.232753,72.470222
2010-07-16,sz.000338,5.3628304000,5.4779832000,5.2485001200,5.4368572000,5.4204068000,4566859,296116347.4800,2,1.626254,1,0.303486,11.802666,4.113326,1.236494,72.690162
2010-07-19,sz.000338,5.3875060000,5.7140464400,5.3340422000,5.6013612000,5.4368572000,7297506,493868585.7700,2,2.598635,1,3.025700,12.159781,4.237783,1.273907,74.889562
2010-07-20,sz.000338,5.6202791600,5.6959510000,5.5602352000,5.6342620000,5.6013612000,5644696,386745594.1400,2,2.010071,1,0.587400,12.231204,4.262675,1.281390,75.329441
2010-07-21,sz.000338,5.6696303600,5.7041762000,5.5651703200,5.5931360000,5.6342620000,6181207,423710897.3400,2,2.201122,1,-0.729900,12.141925,4.231560,1.272036,74.779592
2010-07-22,sz.000338,5.5890234000,5.6293268800,5.5026588000,5.5931360000,5.5931360000,4468980,302757796.4000,2,1.591400,1,0.000000,12.141925,4.231560,1.272036,74.779592
2010-07-23,sz.000338,5.6030062400,5.6622276800,5.5437848000,5.5964260800,5.5931360000,3491313,237623855.9700,2,1.243253,1,0.058800,12.149068,4.234049,1.272785,74.823580
2010-07-26,sz.000338,5.5972486000,5.7107563600,5.5594126800,5.6918384000,5.5964260800,6132097,421102686.0500,2,2.183634,1,1.704900,12.356195,4.306235,1.294484,76.099231
2010-07-27,sz.000338,5.6753880000,5.6753880000,5.5651703200,5.5742180400,5.6918384000,5229391,356033645.8700,2,1.862181,1,-2.066500,12.100857,4.217248,1.267734,74.526661
2010-07-28,sz.000338,5.5931360000,5.6819681600,5.5092389600,5.6457772800,5.5742180400,7937974,542137320.8700,2,2.826705,1,1.283800,12.256202,4.271387,1.284009,75.483399
2010-07-29,sz.000338,5.6655177600,5.8941783200,5.6589376000,5.8448271200,5.6457772800,12535578,884742499.3700,2,3.467510,1,3.525600,12.688312,4.421981,1.329278,78.144673
2010-07-30,sz.000338,5.8193290000,5.8423595600,5.7329644000,5.7666877200,5.8448271200,5566335,391516733.2200,2,1.539723,1,-1.336900,12.518682,4.362863,1.311507,77.099958
2010-08-02,sz.000338,5.7782030000,5.9928807200,5.7782030000,5.8143938800,5.7666877200,7520958,537568152.7600,2,2.080399,1,0.827300,12.622246,4.398956,1.322357,77.737784
2010-08-03,sz.000338,5.8481172000,5.9484646400,5.6770330400,5.6918384000,5.8143938800,6111095,429729661.2300,2,1.690411,1,-2.107800,12.356195,4.306235,1.294484,76.099231
2010-08-04,sz.000338,5.6770330400,5.7938308800,5.5931360000,5.7798480400,5.6918384000,7237352,498312956.4200,2,2.001949,1,1.546200,12.547251,4.372820,1.314500,77.275910
2010-08-05,sz.000338,5.7790255200,5.7790255200,5.6778555600,5.7017086400,5.7798480400,4081490,283814709.9000,2,1.128995,1,-1.351900,12.377622,4.313702,1.296729,76.231195
2010-08-06,sz.000338,5.7141657400,5.7564070000,5.5808158800,5.7373570200,5.7017418400,4962579,339750444.2900,2,1.372716,1,0.624600,12.368694,4.310591,1.295794,76.176210
2010-08-09,sz.000338,5.6984288000,5.7365287600,5.6238854000,5.6942875000,5.7373570200,4557057,312537935.2100,2,1.260544,1,-0.750700,12.275844,4.278232,1.286066,75.604366
2010-08-10,sz.000338,5.6760657800,5.7390135400,5.5783311000,5.5907550000,5.6942875000,4472236,305665128.4900,2,1.237081,1,-1.818200,12.052647,4.200446,1.262683,74.229742
2010-08-11,sz.000338,5.5609376400,5.6396223400,5.5567963400,5.6023506400,5.5907550000,3688590,249254647.1400,2,1.020314,1,0.207400,12.077645,4.209158,1.265302,74.383700
2010-08-12,sz.000338,5.5493420000,5.5990376000,5.3961139000,5.4383551600,5.6023506400,5633267,374573702.2900,2,1.558238,1,-2.927300,11.724100,4.085945,1.228263,72.206294
2010-08-13,sz.000338,5.4375269000,5.5576246000,5.3720943600,5.5410594000,5.4383551600,4609365,303911580.2200,2,1.275013,1,1.888500,11.945512,4.163109,1.251459,73.569922
2010-08-16,sz.000338,5.5269789800,5.7994765200,5.5145550800,5.7895374000,5.5410594000,9131306,630234560.4300,2,2.525843,1,4.484300,12.481185,4.349795,1.307579,76.869021
2010-08-17,sz.000338,5.7986482600,5.9220590000,5.7986482600,5.9187459600,5.7895374000,8885224,631202817.9700,2,2.457773,1,2.231800,12.759735,4.446872,1.336761,78.584553
2010-08-18,sz.000338,5.9510481000,6.0032284800,5.8905851200,5.9137764000,5.9187459600,8034711,577130973.2900,2,2.222510,1,-0.084000,12.749022,4.443138,1.335638,78.518571
2010-08-19,sz.000338,5.9204024800,6.1291240000,5.9195742200,6.0628632000,5.9137764000,9534882,698229830.4400,2,2.637477,1,2.521000,13.070426,4.555150,1.369310,80.498031
2010-08-20,sz.000338,6.0429849600,6.0429849600,5.8615960200,5.9303416000,6.0628632000,6909331,495355425.9500,2,1.911214,1,-2.185800,12.784733,4.455584,1.339380,78.738511
2010-08-23,sz.000338,5.9593307000,6.1705370000,5.9551894000,6.1622544000,5.9303416000,10129740,748766764.7000,2,2.802023,1,3.910600,13.284695,4.629825,1.391758,81.817671
2010-08-24,sz.000338,6.2533630000,6.2533630000,5.9775524200,5.9891480600,6.1622544000,12822663,940311812.9700,2,3.710762,1,-2.809100,11.113983,4.090667,1.137581,45.781781
2010-08-25,sz.000338,5.9883198000,5.9891480600,5.7299026800,5.7646896000,5.9891480600,10277543,723092703.3800,2,2.974227,1,-3.747800,10.697459,3.937358,1.094947,44.065993
2010-08-26,sz.000338,5.7646896000,5.8806460000,5.7646896000,5.8102439000,5.7646896000,6030948,423451232.9500,2,1.745301,1,0.790200,10.781993,3.968473,1.103599,44.414215
2010-08-27,sz.000338,5.8143852000,6.1829609000,5.7398418000,6.1357500800,5.8102439000,11689442,848316488.7100,2,3.382818,1,5.602300,11.386031,4.190798,1.165426,46.902424
2010-08-30,sz.000338,6.2119500000,6.3030586000,6.1440326800,6.2036674000,6.1357500800,11932371,897843475.9800,2,3.453119,1,1.106900,11.512064,4.237186,1.178326,47.421593
2010-08-31,sz.000338,6.1705370000,6.5432540000,6.1415479000,6.4604280000,6.2036674000,13032140,1008093764.0900,2,3.771383,1,4.138900,11.988531,4.412557,1.227096,49.384302
2010-09-01,sz.000338,6.5167496800,6.6144843600,6.3784302600,6.5150931600,6.4604280000,10767825,843713920.3800,2,3.116110,1,0.846200,12.089973,4.449894,1.237479,49.802169
2010-09-02,sz.000338,6.5929496000,6.6161408800,6.4761649400,6.5349714000,6.5150931600,8504831,673029634.2200,2,2.461221,1,0.305100,12.126861,4.463471,1.241254,49.954121
2010-09-03,sz.000338,6.5565061600,6.5565061600,6.3776020000,6.4405497600,6.5349714000,8001238,623188107.1700,2,2.315485,1,-1.444900,11.951644,4.398980,1.223320,49.232350
2010-09-06,sz.000338,6.4604280000,6.6252517400,6.4355802000,6.4827910200,6.4405497600,6613489,520778663.1400,2,1.913883,1,0.655900,12.030030,4.427831,1.231343,49.555248
2010-09-07,sz.000338,6.4935584000,6.5109518600,6.4190150000,6.4935584000,6.4827910200,4850807,378271947.3600,2,1.403779,1,0.166100,12.050011,4.435185,1.233388,49.637555
2010-09-08,sz.000338,6.4852758000,6.5995756800,6.4604280000,6.5681018000,6.4935584000,5879454,464211141.2200,2,1.701460,1,1.147961,12.188340,4.486099,1.247547,50.207374
2010-09-09,sz.000338,6.5854952600,6.6045452400,6.3510976800,6.3676628800,6.5681018000,9177847,713068633.1500,2,2.655985,1,-3.051700,11.816388,4.349197,1.209476,48.675194
2010-09-10,sz.000338,6.3328759600,6.5490518200,6.3287346600,6.5150931600,6.3676628800,8280844,646482849.6400,2,2.396401,1,2.315300,12.089973,4.449894,1.237479,49.802169
2010-09-13,sz.000338,6.4927301400,6.6757756000,6.4612562600,6.6327060800,6.5150931600,7936759,634381933.4800,2,2.296826,1,1.805200,12.308226,4.530225,1.259818,50.701217
2010-09-14,sz.000338,6.6310495600,6.6815734200,6.5689300600,6.6260800000,6.6327060800,5174374,413458913.2200,2,1.497417,1,-0.099900,12.295930,4.525699,1.258560,50.650566
2010-09-15,sz.000338,6.6012322000,6.6177974000,6.4446910600,6.4504888800,6.6260800000,5382947,423190799.9100,2,1.557776,1,-2.650000,11.970087,4.405768,1.225208,49.308326
2010-09-16,sz.000338,6.4430345400,6.4761649400,6.1953848000,6.2699282000,6.4504888800,7542927,574673075.2300,2,2.182854,1,-2.799200,11.635023,4.282443,1.190912,47.928098
2010-09-17,sz.000338,6.2782108000,6.3129977200,6.2020108800,6.2633021200,6.2699282000,3899762,294785595.4500,2,1.128556,1,-0.105700,11.622727,4.277917,1.189653,47.877448
2010-09-20,sz.000338,6.2599890800,6.3337042200,6.1730217800,6.2185760800,6.2633021200,3447252,260043124.8500,2,0.997603,1,-0.714100,11.539730,4.247369,1.181158,47.535556
2010-09-21,sz.000338,6.2285152000,6.3361890000,6.2020108800,6.2633021200,6.2185760800,3126392,236762911.7200,2,0.904749,1,0.719200,11.622727,4.277917,1.189653,47.877448
2010-09-27,sz.000338,6.3113412000,6.4761649400,6.2947760000,6.4438628000,6.2633021200,4063671,314154231.7500,2,1.175989,1,2.882800,11.957792,4.401243,1.223949,49.257676
2010-09-28,sz.000338,6.4190150000,6.4562867000,6.2964325200,6.3121694600,6.4438628000,3626509,278853703.6900,2,1.049479,1,-2.043700,11.713410,4.311294,1.198935,48.250996
2010-09-29,sz.000338,6.2956042600,6.3212803200,6.2069804400,6.2119500000,6.3121694600,4269425,322412076.6200,2,1.235533,1,-1.587700,11.527434,4.242843,1.179900,47.484906
2010-09-30,sz.000338,6.2078087000,6.3113412000,6.1788196000,6.2699282000,6.2119500000,4481871,338507432.6200,2,1.297013,1,0.933300,11.635023,4.282443,1.190912,47.928098
2010-10-08,sz.000338,6.3444716000,6.5631322400,6.3444716000,6.4827910200,6.2699282000,6783359,530125373.1100,2,1.963042,1,3.395000,12.030030,4.427831,1.231343,49.555248
2010-10-11,sz.000338,6.4869323200,6.7387233600,6.4869323200,6.6219387000,6.4827910200,9061519,723093201.3200,2,2.622321,1,2.146400,12.288245,4.522871,1.257773,50.618910
2010-10-12,sz.000338,6.6202821800,6.7710255000,6.5755561400,6.6873712400,6.6219387000,7578001,610174348.6200,2,2.193004,1,0.988100,12.409667,4.567562,1.270201,51.119084
2010-10-13,sz.000338,6.6824016800,6.9300514200,6.6509278000,6.8745580000,6.6873712400,11052212,905016144.3500,2,3.198409,1,2.799100,12.757027,4.695413,1.305756,52.549963
2010-10-14,sz.000338,6.8621341000,6.9225970800,6.6674930000,6.6799169000,6.8745580000,10826196,889625095.9800,2,3.133002,1,-2.831300,12.395834,4.562471,1.268785,51.062102
2010-10-15,sz.000338,6.6674930000,6.9888578800,6.6028887200,6.9573840000,6.6799169000,12697698,1047287032.1700,2,3.674598,1,4.153800,12.910726,4.751984,1.321488,53.183095
2010-10-18,sz.000338,7.0153622000,7.3035966800,6.8869819000,7.1238642600,6.9573840000,12685025,1093950550.1900,2,3.670931,1,2.392900,13.219661,4.865693,1.353109,54.455690
2010-10-19,sz.000338,7.2058620000,7.3715140000,7.0899056000,7.3698574800,7.1238642600,7517214,658383787.9100,2,2.175413,1,3.453100,13.676148,5.033709,1.399833,56.336092
2010-10-20,sz.000338,7.3052532000,8.1003828000,7.2331945800,8.0755350000,7.3698574800,16466424,1525638550.3400,2,4.765233,1,9.575200,14.985664,5.515696,1.533870,61.730378
2010-10-21,sz.000338,8.1583610000,8.3563151400,8.0341220000,8.2461565600,8.0755350000,12209633,1209814064.5000,2,3.533356,1,2.112800,15.302284,5.632233,1.566277,63.034630
2010-10-22,sz.000338,8.2411870000,8.9882775200,8.1070088800,8.8623820000,8.2461565600,14961267,1558381549.0900,2,4.329654,1,7.472900,16.445806,6.053123,1.683323,67.745132
2010-10-25,sz.000338,8.9369254000,9.0677904800,8.5989953200,8.8540994000,8.8623820000,14951085,1587575456.7000,2,4.326708,1,-0.093500,16.430436,6.047466,1.681750,67.681819
2010-10-27,sz.000338,8.8615537400,9.5258182600,8.6967300000,8.9460362600,8.8540994000,20808863,2310052476.8600,2,6.021895,1,1.038400,15.443545,5.502137,1.578409,46.675587
2010-10-28,sz.000338,8.9626014600,9.8397288000,8.9617732000,9.6823594000,8.9460362600,19369648,2222864776.0300,2,5.605400,1,8.230700,16.714660,5.955003,1.708323,50.517323
2010-10-29,sz.000338,9.6906420000,9.7635288800,9.2856228600,9.5249900000,9.6823594000,18367726,2097512753.6200,2,5.315452,1,-1.625300,16.442993,5.858215,1.680557,49.696255
2010-11-01,sz.000338,9.5639182200,9.8132244800,9.4073770800,9.7196311000,9.5249900000,12563189,1454741576.7100,2,3.635672,1,2.043500,16.779002,5.977926,1.714899,50.711787
2010-11-02,sz.000338,9.6989246000,10.1130546000,9.6492290000,9.7966592800,9.7196311000,14089753,1685364365.1200,2,4.077446,1,0.792500,16.911976,6.025301,1.728490,51.113678
2010-11-03,sz.000338,9.7718114800,10.1130546000,9.3079858800,9.3344902000,9.7966592800,16590000,1938581591.4700,2,4.800995,1,-4.717600,16.114133,5.741050,1.646946,48.702329
2010-11-04,sz.000338,9.3601662600,9.5746856000,9.1216273800,9.5249900000,9.3344902000,13278696,1503809324.7800,2,3.842734,1,2.040800,16.442993,5.858215,1.680557,49.696255
2010-11-05,sz.000338,9.6409464000,10.3524217400,9.4844052600,10.2290110000,9.5249900000,16249768,1937545551.8000,2,4.702535,1,7.391300,17.658345,6.291213,1.804773,53.369456
2010-11-08,sz.000338,10.3532500000,10.5843345400,10.1254785000,10.4443586000,10.2290110000,12900216,1609853290.7300,2,3.733205,1,2.105300,18.030099,6.423660,1.842768,54.493023
2010-11-09,sz.000338,10.3855521400,10.9313754800,10.2795348600,10.6911800800,10.4443586000,13300749,1707571374.8300,2,3.849116,1,2.363200,18.456187,6.575464,1.886316,55.780805
2010-11-10,sz.000338,10.6845540000,11.1815100000,10.6307171000,10.7425322000,10.6911800800,15622511,2057699838.1600,2,4.521012,1,0.480300,18.544837,6.607047,1.895377,56.048732
2010-11-11,sz.000338,10.8154190800,10.8924472600,10.5131041800,10.5189020000,10.7425322000,13053444,1688288000.4300,2,3.777548,1,-2.081700,18.158784,6.469507,1.855920,54.881951
2010-11-12,sz.000338,10.3863804000,10.7251387400,9.5125661000,9.5249900000,10.5189020000,23750236,2867690184.3100,2,6.873102,1,-9.448800,16.442993,5.858215,1.680557,49.696255
2010-11-15,sz.000338,9.6906420000,9.7883766800,9.3593380000,9.7883766800,9.5249900000,17139738,1990857802.7900,2,4.960084,1,2.765200,16.897678,6.020207,1.727029,51.070464
2010-11-16,sz.000338,9.7734680000,9.8297896800,9.2185338000,9.2657446200,9.7883766800,15818294,1823926105.6800,2,4.577670,1,-5.339300,15.995458,5.698769,1.634817,48.343652
2010-11-17,sz.000338,8.9452080000,9.1100317400,8.4673019800,8.6867908800,9.2657446200,18659298,1980136988.0200,2,5.399831,1,-6.248300,14.996010,5.342692,1.532668,45.322984
2010-11-18,sz.000338,8.8126864000,8.9021384800,8.6553170000,8.8540994000,8.6867908800,10698609,1136033376.3700,2,3.096080,1,1.926000,15.284834,5.445593,1.562188,46.195910
2010-11-19,sz.000338,8.9029667400,8.9203602000,8.3670825200,8.9120776000,8.8540994000,16137488,1691517219.4500,2,4.670042,1,0.654800,15.384922,5.481251,1.572417,46.498409
2010-11-22,sz.000338,8.7795560000,9.3990944800,8.7149517200,9.1936860000,8.9120776000,16936824,1866173996.3700,2,4.901362,1,3.159900,15.871063,5.654451,1.622103,47.967689
2010-11-23,sz.000338,9.1108600000,9.5241617400,8.7861820800,9.4761226600,9.1936860000,15149877,1681703453.0900,2,4.384236,1,3.072100,16.358633,5.828159,1.671935,49.441291
2010-11-24,sz.000338,9.3767314600,10.3126652600,9.3767314600,10.1097415600,9.4761226600,18095183,2135506790.2600,2,5.236581,1,6.686500,17.452450,6.217858,1.783729,52.747172
2010-11-25,sz.000338,10.1875980000,10.2828479000,9.9200700200,9.9374634800,10.1097415600,13142205,1604730358.3000,2,3.803234,1,-1.704100,17.155046,6.111901,1.753333,51.848318
2010-11-26,sz.000338,9.8728592000,10.0882068000,9.7386810800,9.9374634800,9.9374634800,10258441,1230557355.2200,2,2.968699,1,0.000000,17.155046,6.111901,1.753333,51.848318
2010-11-29,sz.000338,10.1867697400,10.9313754800,9.9805330000,10.8742255400,9.9374634800,22184823,2798211926.3400,2,6.420086,1,9.426600,18.772179,6.688043,1.918612,56.735837
2010-11-30,sz.000338,10.8502060000,11.0274536400,10.1735175800,10.8502060000,10.8742255400,26036298,3353003777.9200,2,7.534667,1,-0.220900,18.730714,6.673271,1.914374,56.610516
2010-12-01,sz.000338,10.7483300200,10.8891342200,10.1047720000,10.1213372000,10.8502060000,16299390,2054112282.3600,2,4.716895,1,-6.717600,17.472468,6.224990,1.785775,52.807672
2010-12-02,sz.000338,10.3532500000,10.9090124600,10.1113980800,10.5429215400,10.1213372000,19646091,2500807764.8000,2,5.685400,1,4.165300,18.200249,6.484279,1.860158,55.007272
2010-12-03,sz.000338,10.4923976800,10.5147607000,9.9142722000,9.9631395400,10.5429215400,17699792,2160989779.3100,2,5.122158,1,-5.499300,17.199371,6.127692,1.757863,51.982282
2010-12-06,sz.000338,9.8687120400,9.9962533000,9.1763452000,9.3337013000,9.9631257000,30890651,1773236090.9800,2,4.469736,1,-6.317500,16.114133,5.741050,1.646946,48.702329
2010-12-07,sz.000338,9.1763452000,9.9863150200,8.8947606000,9.6815411000,9.3337013000,33437185,1913221560.9300,2,4.838208,1,3.726700,16.714660,5.955003,1.708323,50.517323
2010-12-08,sz.000338,9.5407488000,10.1486402600,9.5258413800,9.7494526800,9.6815411000,28722830,1713616644.6700,2,4.156063,1,0.701500,16.831906,5.996774,1.720306,50.871679
2010-12-09,sz.000338,9.6070040000,9.7030740400,9.1763452000,9.1895962400,9.7494526800,27891579,1584696395.3200,2,4.035784,1,-5.742400,15.865344,5.652413,1.621519,47.950403
2010-12-10,sz.000338,9.0272710000,9.3983001200,8.9444520000,9.2674461000,9.1895962400,19324006,1075744831.4300,2,2.796096,1,0.847200,15.999747,5.700298,1.635255,48.356616
2010-12-13,sz.000338,9.3585470000,9.5573126000,9.2442567800,9.4546170400,9.2674461000,22275202,1269927335.0800,2,3.223120,1,2.019700,16.322888,5.815424,1.668282,49.333256
2010-12-14,sz.000338,9.5076212000,9.5871274400,9.3221066400,9.5009956800,9.4546170400,21213141,1208134950.4200,2,3.069445,1,0.490500,16.402958,5.843951,1.676466,49.575255
2010-12-15,sz.000338,9.4811191200,9.4910574000,9.2508823000,9.2508823000,9.5009956800,18845900,1066771116.8400,2,2.726916,1,-2.632500,15.971151,5.690109,1.632333,48.270188
2010-12-16,sz.000338,9.2426004000,9.5208722400,9.1929090000,9.3585470000,9.2508823000,15913163,902117540.2100,2,2.302562,1,1.163800,16.157028,5.756333,1.651330,48.831972
2010-12-17,sz.000338,9.3237630200,9.3966437400,9.1763452000,9.2243802200,9.3585470000,15590437,868719767.7300,2,2.255865,1,-1.433600,15.925396,5.673808,1.627656,48.131903
2010-12-20,sz.000338,9.2343185000,9.2889790400,8.7788140000,8.9361701000,9.2243802200,25789242,1400358775.4800,2,3.731586,1,-3.124400,15.427817,5.496534,1.576801,46.628051
2010-12-21,sz.000338,8.9477647600,9.2442567800,8.8020033200,9.0968389600,8.9361701000,19331313,1048736445.5000,2,2.797153,1,1.798000,15.705203,5.595359,1.605152,47.466405
2010-12-22,sz.000338,9.0769624000,9.2376312600,8.9461083800,9.0852443000,9.0968389600,16641965,915882278.6800,2,2.408016,1,-0.127500,15.685186,5.588227,1.603106,47.405905
2010-12-23,sz.000338,9.0769624000,9.5059648200,9.0107072000,9.3154811200,9.0852443000,31436578,1775222245.8000,2,4.548730,1,2.534200,16.082677,5.729843,1.643731,48.607258
2010-12-24,sz.000338,9.2757280000,9.4115511600,9.0951825800,9.2889790400,9.3154811200,16615957,929354803.7800,2,2.404253,1,-0.284500,16.036923,5.713542,1.639055,48.468973
2010-12-27,sz.000338,9.3254194000,9.5009956800,9.0107072000,9.0603986000,9.2889790400,20871663,1172013527.6200,2,3.020035,1,-2.460800,15.642291,5.572945,1.598722,47.276263
2010-12-28,sz.000338,8.9444520000,8.9875178800,8.5287006200,8.5436080400,9.0603986000,22903223,1205318235.2300,2,3.313992,1,-5.703800,14.750080,5.255073,1.507533,44.579701
2010-12-29,sz.000338,8.5518899400,8.7042769000,8.5320133800,8.6131760000,8.5436080400,9731200,504992328.9300,2,1.408060,1,0.814300,14.870185,5.297864,1.519808,44.942700
2010-12-30,sz.000338,8.6313961800,8.6910258600,8.4458816200,8.5402952800,8.6131760000,11373466,587613818.3900,2,1.645689,1,-0.846200,14.744360,5.253036,1.506949,44.562415
2010-12-31,sz.000338,8.6413344600,8.7026205200,8.5369825200,8.6744620600,8.5402952800,13881016,722986912.6000,2,2.008520,1,1.571000,14.975992,5.335560,1.530622,45.262484
2011-01-04,sz.000338,8.7092460400,8.9444520000,8.5982685800,8.8616330000,8.6744620600,18621577,985669179.6900,2,2.694457,1,2.157700,15.299133,5.450687,1.563649,46.239124
2011-01-05,sz.000338,8.8583202400,8.8583202400,8.6976513800,8.7059332800,8.8616330000,13354475,704646126.1500,2,1.932332,1,-1.757000,15.030326,5.354918,1.536176,45.426698
2011-01-06,sz.000338,8.6761184400,8.6959950000,8.4061285000,8.4276614400,8.7059332800,21041546,1078116183.4800,2,3.044616,1,-3.196300,14.549904,5.183756,1.487074,43.974703
2011-01-07,sz.000338,8.4144104000,8.5287006200,8.3912210800,8.4226923000,8.4276614400,11589380,591660964.0700,2,1.676930,1,-0.059000,14.541325,5.180699,1.486197,43.948775
2011-01-10,sz.000338,8.4641018000,8.4690709400,8.1676097800,8.1907991000,8.4226923000,13708540,688931556.5800,2,1.983563,1,-2.753200,14.140974,5.038065,1.445279,42.738779
2011-01-11,sz.000338,8.1642970200,8.1642970200,7.8512412000,7.9208091600,8.1907991000,17218485,826351515.9200,2,2.491436,1,-3.296300,13.674851,4.871997,1.397639,41.329998
2011-01-12,sz.000338,7.9324038200,8.1659534000,7.9307474400,8.0748525000,7.9208091600,12347739,599813766.3300,2,1.786662,1,1.944800,13.940799,4.966747,1.424820,42.133781
2011-01-13,sz.000338,8.1162620000,8.1576715000,8.0168792000,8.0334430000,8.0748525000,6616334,322071042.6100,2,0.957353,1,-0.512800,13.869307,4.941277,1.417514,41.917710
2011-01-14,sz.000338,8.0003154000,8.2206139400,7.8528975800,8.1825172000,8.0334430000,12494314,604271467.1000,2,1.807870,1,1.855700,14.126676,5.032970,1.443818,42.695565
2011-01-17,sz.000338,8.0897599200,8.1460768400,7.8943070800,7.9257783000,8.1825172000,11090970,535955720.7300,2,1.604813,1,-3.137700,13.683430,4.875053,1.398516,41.355927
2011-01-18,sz.000338,7.8711177600,8.0301302400,7.8512412000,7.9638750400,7.9257783000,7470455,359590814.1600,2,1.080941,1,0.480700,13.749202,4.898486,1.405238,41.554712
2011-01-19,sz.000338,7.9671878000,8.2388341200,7.9257783000,8.1957682400,7.9638750400,13453232,662317481.7600,2,1.946621,1,2.911800,14.149553,5.041121,1.446156,42.764707
2011-01-20,sz.000338,8.2404905000,8.3912210800,8.0185355800,8.0466940400,8.1957682400,15632554,776673285.0600,2,2.261959,1,-1.818900,13.892184,4.949427,1.419852,41.986853
2011-01-21,sz.000338,7.9655314200,8.3315914000,7.8810560400,8.1725789200,8.0466940400,13858660,680414075.7800,2,2.005285,1,1.564400,14.109518,5.026858,1.442064,42.643708
2011-01-24,sz.000338,8.1725789200,8.1974246200,7.7700785800,7.7816732400,8.1725789200,14374916,687577933.4100,2,2.079985,1,-4.783100,13.434640,4.786416,1.373088,40.604001
2011-01-25,sz.000338,7.7849860000,7.8181136000,7.6210043800,7.6756649200,7.7816732400,7453732,346612439.2200,2,1.078521,1,-1.362300,13.251623,4.721212,1.354383,40.050860
2011-01-26,sz.000338,7.7104489000,7.8512412000,7.7054797600,7.7982370400,7.6756649200,5729802,269544418.7700,2,0.829076,1,1.596900,13.463237,4.796604,1.376011,40.690429
2011-01-27,sz.000338,7.7949242800,8.1576715000,7.7187308000,8.1162620000,7.7982370400,12297639,593727012.8100,2,1.779412,1,4.078200,14.012290,4.992218,1.432127,42.349852
2011-01-28,sz.000338,8.0996982000,8.4392561000,8.0483504200,8.4276614400,8.1162620000,19134181,956346106.6700,2,2.768629,1,3.836700,14.549904,5.183756,1.487074,43.974703
2011-01-31,sz.000338,8.3779700400,8.5270442400,8.2984638000,8.4657581800,8.4276614400,15009636,764294393.5800,2,2.171826,1,0.452000,14.615676,5.207189,1.493796,44.173488
2011-02-01,sz.000338,8.4790092200,8.4790092200,8.3150276000,8.3862519400,8.4657581800,9025819,457170420.8800,2,1.305995,1,-0.939200,14.478413,5.158285,1.479767,43.758632
2011-02-09,sz.000338,8.3150276000,8.3713445200,8.0831344000,8.1162620000,8.3862519400,9581750,476519692.8500,2,1.386436,1,-3.219400,14.012290,4.992218,1.432127,42.349852
2011-02-10,sz.000338,8.0665706000,8.4260050600,7.9655314200,8.4243486800,8.1162620000,12743679,635128020.1300,2,1.843952,1,3.795900,14.544185,5.181718,1.486490,43.957417
2011-02-11,sz.000338,8.4061285000,9.2591642000,8.3995029800,9.0935262000,8.4243486800,36017797,1949047283.1700,2,5.211611,1,7.943400,15.699484,5.593321,1.604567,47.449120
2011-02-14,sz.000338,9.1100900000,9.8819630800,9.1018081000,9.7842366600,9.0935262000,47540158,2739507875.6600,2,6.878844,1,7.595600,16.891958,6.018169,1.726444,51.053178
2011-02-15,sz.000338,9.8819630800,9.9697512200,9.6401316000,9.6931357600,9.7842366600,35863677,2121434429.8800,2,5.189311,1,-0.931100,16.734678,5.962134,1.710369,50.577823
2011-02-16,sz.000338,9.6831974800,10.2364284000,9.6401316000,10.1569221600,9.6931357600,35170175,2133137845.2300,2,5.088964,1,4.784700,17.535380,6.247404,1.792205,52.997814
2011-02-17,sz.000338,10.2364284000,10.2612741000,9.8455227200,9.9747203600,10.1569221600,26908234,1621288458.1300,2,3.893499,1,-1.793900,17.220818,6.135334,1.760055,52.047103
2011-02-18,sz.000338,9.9382800000,9.9399363800,9.5407488000,9.5887838200,9.9747203600,27201619,1590906385.2200,2,3.935950,1,-3.869100,16.554520,5.897949,1.691956,50.033325
2011-02-21,sz.000338,9.5506870800,9.9399363800,9.5424051800,9.8306153000,9.5887838200,20702251,1224843906.7400,2,2.995521,1,2.522000,16.972029,6.046696,1.734628,51.295177
2011-02-22,sz.000338,9.8223334000,9.8554610000,9.3916746000,9.4297713400,9.8306153000,27463991,1582878280.2500,2,3.973914,1,-4.077500,16.279993,5.800142,1.663898,49.203613
2011-02-23,sz.000338,9.4082384000,9.5159031000,9.2426004000,9.3833927000,9.4297713400,19597009,1104269014.5000,2,2.835598,1,-0.491800,16.199923,5.771615,1.655714,48.961614
2011-02-24,sz.000338,9.3784235600,9.5043084400,9.2094728000,9.4032692600,9.3833927000,16477534,934028325.2700,2,2.384224,1,0.211800,16.234239,5.783841,1.659222,49.065328
2011-02-25,sz.000338,9.4082384000,9.5241850000,9.2260366000,9.4496479000,9.4032692600,12931668,732239567.0000,2,1.871153,1,0.493200,16.314309,5.812368,1.667405,49.307327
2011-02-28,sz.000338,9.4579298000,10.0707904000,9.2823535200,9.9830022600,9.4496479000,30504770,1797970501.7200,2,4.413901,1,5.644200,17.235116,6.140428,1.761516,52.090318
2011-03-01,sz.000338,10.0028788200,10.1039180000,9.7196378400,9.8355844400,9.9830022600,21333264,1272398290.0500,2,3.086826,1,-1.476687,16.980608,6.049753,1.735504,51.321106
2011-03-02,sz.000338,9.7063868000,10.0293809000,9.5043084400,9.9333108600,9.8355844400,26110976,1528586838.3300,2,3.778139,1,0.993600,17.149327,6.109863,1.752748,51.831033
2011-03-03,sz.000338,9.9018396400,10.1817678600,9.7908621800,9.8372408200,9.9333108600,28528949,1722443025.2600,2,4.128009,1,-0.967200,16.983467,6.050772,1.735797,51.329749
2011-03-04,sz.000338,9.8355844400,10.1320764600,9.7643601000,9.9399363800,9.8372408200,19862473,1193285337.1200,2,2.874009,1,1.043900,17.160766,6.113938,1.753917,51.865604
2011-03-07,sz.000338,9.9680948400,10.2347720200,9.9647820800,10.1271073200,9.9399363800,28094402,1719293557.3800,2,4.065132,1,1.883000,17.483906,6.229065,1.786944,52.842243
2011-03-08,sz.000338,10.1287637000,10.1834242400,9.9548438000,10.0757595400,10.1271073200,16932980,1027561230.8900,2,2.450125,1,-0.507000,17.395257,6.197482,1.777884,52.574316
2011-03-09,sz.000338,10.0923233400,10.1652040600,9.8223334000,9.9316544800,10.0757595400,24867023,1499706440.4700,2,3.598145,1,-1.430200,17.146467,6.108844,1.752456,51.822390
2011-03-10,sz.000338,9.9382800000,9.9415927600,9.6070040000,9.6252241800,9.9316544800,23818990,1395403753.0100,2,3.446499,1,-3.085400,16.617432,5.920363,1.698386,50.223467
2011-03-11,sz.000338,9.5241850000,9.7527654400,9.5241850000,9.5539998400,9.6252241800,18196902,1055798705.5100,2,2.633009,1,-0.740000,16.494467,5.876553,1.685818,49.851825
2011-03-14,sz.000338,9.4628989400,9.6566954000,9.4628989400,9.5738764000,9.5539998400,13000477,751022762.5200,2,1.881110,1,0.208000,16.528783,5.888779,1.689326,49.955539
2011-03-15,sz.000338,9.5424051800,9.5937529600,8.9775796000,9.3999565000,9.5738764000,23697483,1324835341.8300,2,3.428918,1,-1.816600,16.228519,5.781803,1.658637,49.048042
2011-03-16,sz.000338,9.3337013000,9.4413660000,9.2575078200,9.3734544200,9.3999565000,16098915,908879280.7400,2,2.329440,1,-0.281900,16.182765,5.765502,1.653961,48.909757
2011-03-17,sz.000338,9.2757280000,9.5738764000,9.1183719000,9.2939481800,9.3734544200,17728101,1005020178.4400,2,2.565175,1,-0.848200,16.045502,5.716599,1.639932,48.494902
2011-03-18,sz.000338,9.3585470000,9.5407488000,9.2939481800,9.4860882600,9.2939481800,14414026,819119699.8400,2,2.085644,1,2.067400,16.377221,5.834782,1.673835,49.497469
2011-03-21,sz.000338,9.4380532400,9.6070040000,9.3784235600,9.4132075400,9.4860882600,15734181,899515060.6900,2,2.276664,1,-0.768300,16.251397,5.789954,1.660975,49.117185
2011-03-22,sz.000338,9.4397096200,9.5573126000,9.3105119800,9.4910574000,9.4132075400,14174727,809530092.9300,2,2.051018,1,0.827000,16.385800,5.837838,1.674712,49.523398
2011-03-23,sz.000338,9.5324669000,9.6649773000,9.4347404800,9.6351624600,9.4910574000,15417849,891442332.3800,2,2.230892,1,1.518300,16.634590,5.926476,1.700140,50.275324
2011-03-24,sz.000338,9.6351624600,9.6898230000,9.4695244600,9.4711808400,9.6351624600,13147627,757922892.5400,2,1.902402,1,-1.701900,16.351484,5.825612,1.671205,49.419684
2011-03-25,sz.000338,9.4662117000,9.6566954000,9.4413660000,9.4827755000,9.4711808400,13945423,801624490.2200,2,2.017839,1,0.122400,16.371502,5.832744,1.673251,49.480184
2011-03-28,sz.000338,9.4910574000,9.6070040000,9.4380532400,9.4579298000,9.4827755000,12694621,729233798.5800,2,1.836854,1,-0.262000,16.328607,5.817462,1.668867,49.350541
2011-03-29,sz.000338,9.4214894400,9.4347404800,9.1647505400,9.1813143400,9.4579298000,15208190,852739971.6200,2,2.200556,1,-2.924700,15.851045,5.647319,1.620057,47.907189
2011-03-30,sz.000338,9.1895962400,9.3038864600,9.0935262000,9.1465303600,9.1813143400,11547349,640392268.5300,2,1.670849,1,-0.378900,15.790993,5.625924,1.613920,47.725690
2011-03-31,sz.000338,9.1100900000,9.1432176000,8.7887522800,8.8086288400,9.1465303600,20830155,1122295731.9800,2,3.014028,1,-3.694300,13.064117,4.785478,1.400179,16.929612
2011-04-01,sz.000338,8.7804703800,8.9411392400,8.7804703800,8.9345137200,8.8086288400,8279200,444374692.4800,2,1.197963,1,1.429100,13.250817,4.853868,1.420189,17.171555
2011-04-06,sz.000338,8.9378264800,9.1283101800,8.9229190600,8.9245754400,8.9345137200,10721447,582370838.1200,2,1.551345,1,-0.111200,13.236078,4.848469,1.418610,17.152454
2011-04-07,sz.000338,8.9328573400,8.9924870200,8.7705321000,8.9577030400,8.9245754400,11064823,593317837.8300,2,1.601029,1,0.371200,13.285209,4.866466,1.423875,17.216123
2011-04-08,sz.000338,8.9941434000,9.1266538000,8.8285054000,9.0885570600,8.9577030400,10106659,551687919.0500,2,1.462387,1,1.460800,13.479279,4.937555,1.444675,17.467616
2011-04-11,sz.000338,9.0951825800,9.4579298000,9.0951825800,9.3701416600,9.0885570600,23458679,1316161772.9400,2,3.394364,1,3.098200,13.896899,5.090532,1.489435,18.008803
2011-04-12,sz.000338,9.3585470000,9.4579298000,9.1564686400,9.2310057400,9.3701416600,12736771,716769160.9400,2,1.842953,1,-1.484900,13.690546,5.014943,1.467318,17.741393
2011-04-13,sz.000338,9.1514995000,9.2757280000,9.0189891000,9.2608205800,9.2310057400,8894568,490842293.3200,2,1.287003,1,0.323000,13.734764,5.031141,1.472058,17.798695
2011-04-14,sz.000338,9.2608205800,9.3552342400,9.1399048400,9.1846271000,9.2608205800,8136270,453652410.2300,2,1.177281,1,-0.822800,13.621761,4.989747,1.459946,17.652256
2011-04-15,sz.000338,9.1746888200,9.3602033800,9.1100900000,9.2293493600,9.1846271000,8872775,493734439.8300,2,1.283850,1,0.486900,13.688089,5.014044,1.467055,17.738210
2011-04-18,sz.000338,9.1929090000,9.4248022000,9.1548122600,9.3502651000,9.2293493600,15267308,861624743.5500,2,2.209110,1,1.310100,13.867420,5.079734,1.486275,17.970602
2011-04-19,sz.000338,9.3022300800,9.3022300800,9.0935262000,9.1100900000,9.3502651000,11442341,632922341.3300,2,1.655655,1,-2.568600,13.511215,4.949253,1.448098,17.509001
2011-04-20,sz.000338,9.1448739800,9.1912526200,9.0603986000,9.0719932600,9.1100900000,7511454,413128725.4900,2,1.086873,1,-0.418200,13.454714,4.928556,1.442043,17.435782
2011-04-21,sz.000338,9.1100900000,9.1514995000,9.0322401400,9.0719932600,9.0719932600,7061206,386784321.2000,2,1.021724,1,0.000000,13.454714,4.928556,1.442043,17.435782
2011-04-22,sz.000338,9.0719932600,9.0769624000,8.8384436800,8.8583202400,9.0719932600,15665106,840749076.4500,2,2.266669,1,-2.355300,12.706553,4.384768,1.338661,26.971262
2011-04-25,sz.000338,8.8401000600,8.8583202400,8.6479599800,8.6959950000,8.8583202400,10720958,564776903.3400,2,1.551274,1,-1.832500,12.473710,4.304419,1.314131,26.477024
2011-04-26,sz.000338,8.6959950000,8.7771576200,8.5850175400,8.7175279400,8.6959950000,8153994,426644516.8000,2,1.179846,1,0.247600,12.504597,4.315077,1.317385,26.542587
2011-04-27,sz.000338,8.7738448600,8.7970341800,8.4144104000,8.4756964600,8.7175279400,9111552,471664811.7100,2,1.318400,1,-2.774100,12.157709,4.195373,1.280839,25.806273
2011-04-28,sz.000338,8.4806656000,8.5303570000,8.2835563800,8.3647190000,8.4756964600,8374338,422975059.7500,2,1.211729,1,-1.309400,11.998521,4.140441,1.264069,25.468376
2011-04-29,sz.000338,8.3647190000,8.4707273200,8.3332477800,8.4475380000,8.3647190000,5076338,257855590.2700,2,0.734523,1,0.990100,12.117318,4.181435,1.276584,25.720538
2011-05-03,sz.000338,8.4491943800,8.5369825200,8.4293178200,8.4756964600,8.4475380000,4711184,240855878.3900,2,0.681687,1,0.333300,12.157709,4.195373,1.280839,25.806273
2011-05-04,sz.000338,8.4756964600,8.4756964600,8.1179183800,8.2388341200,8.4756964600,9865720,491303131.8200,2,1.427525,1,-2.794600,11.817949,4.078129,1.245045,25.085089
2011-05-05,sz.000338,8.1974246200,8.1990810000,8.0334430000,8.0533195600,8.2388341200,6664199,325870665.0600,2,0.964279,1,-2.251700,11.551844,3.986302,1.217010,24.520246
2011-05-06,sz.000338,7.9936898800,8.0003154000,7.8346774000,7.9257783000,8.0533195600,7849840,374734432.3000,2,1.135836,1,-1.583700,11.368896,3.923170,1.197736,24.131917
2011-05-09,sz.000338,7.9274346800,8.2835563800,7.9257783000,8.1841735800,7.9257783000,8233430,407041768.2100,2,1.191340,1,3.260200,11.739543,4.051073,1.236785,24.918662
2011-05-10,sz.000338,8.1858299600,8.2487724000,8.1361385600,8.2123320400,8.1841735800,4320217,213592593.6600,2,0.625116,1,0.344100,11.779934,4.065011,1.241040,25.004398
2011-05-11,sz.000338,8.1974246200,8.1974246200,8.0566323200,8.0798216400,8.2123320400,4878134,239080541.1300,2,0.705844,1,-1.613600,11.589859,3.999420,1.221015,24.600938
2011-05-12,sz.000338,8.0334430000,8.0814780200,7.9506240000,7.9522803800,8.0798216400,5429510,262155428.6000,2,0.785625,1,-1.578500,11.406911,3.936288,1.201741,24.212608
2011-05-13,sz.000338,7.9522803800,8.0284738600,7.8744305200,7.9986590200,7.9522803800,4153122,199292455.7200,2,0.600938,1,0.583200,11.473437,3.959245,1.208750,24.353819
2011-05-16,sz.000338,8.0003154000,8.0085973000,7.8661486200,7.8711177600,7.9986590200,4196768,200901834.1700,2,0.607253,1,-1.594500,11.290490,3.896114,1.189476,23.965490
2011-05-17,sz.000338,7.8694613800,8.1924554800,7.8528975800,8.0831344000,7.8711177600,9319094,454537418.2000,2,1.348430,1,2.693600,11.594611,4.001060,1.221516,24.611025
2011-05-19,sz.000338,8.1245439000,8.1725789200,8.0036281600,8.0218483400,8.0831344000,4444969,216680042.9000,2,0.643167,1,-0.758200,11.506701,3.970724,1.212254,24.424425
2011-05-20,sz.000338,8.0135664400,8.0135664400,7.9009326000,7.9373729600,8.0218483400,3319014,159143029.8600,2,0.480246,1,-1.053100,11.385527,3.928909,1.199489,24.167219
2011-05-23,sz.000338,7.9390293400,7.9473112400,7.6938851000,7.7502020200,7.9373729600,6708517,315685821.6300,2,0.970692,1,-2.358100,11.117046,3.836262,1.171203,23.597333
2011-05-24,sz.000338,7.7154180400,7.8661486200,7.6392245600,7.7982370400,7.7502020200,5002785,233763230.8200,2,0.723880,1,0.619800,11.185948,3.860039,1.178462,23.743587
2011-05-25,sz.000338,7.7998934200,7.8528975800,7.7187308000,7.7336382200,7.7982370400,3755929,176588912.3100,2,0.543466,1,-0.828400,11.093286,3.828063,1.168700,23.546900
2011-05-26,sz.000338,7.7899551400,7.8628358600,7.7154180400,7.7236999400,7.7336382200,3973997,186292577.2200,2,0.575019,1,-0.128500,11.079031,3.823144,1.167198,23.516641
2011-05-27,sz.000338,7.7518584000,7.8015498000,7.7021670000,7.7684222000,7.7236999400,3816950,178844731.9200,2,0.552295,1,0.579000,11.143181,3.845281,1.173957,23.652808
2011-05-30,sz.000338,7.7733913400,7.7849860000,7.6491628400,7.6657266400,7.7684222000,4829376,224879428.0000,2,0.698789,1,-1.322000,10.995872,3.794448,1.158438,23.340127
2011-05-31,sz.000338,7.6491628400,7.8661486200,7.3708910000,7.7982370400,7.6657266400,9588050,441067716.7300,2,1.387347,1,1.728600,11.185948,3.860039,1.178462,23.743587
2011-06-01,sz.000338,7.7187308000,7.7717349600,7.6872595800,7.7286690800,7.7982370400,4674514,217993262.5300,2,0.676381,1,-0.892100,11.086158,3.825603,1.167949,23.531771
2011-06-02,sz.000338,7.6325990400,7.6325990400,7.4553663800,7.5000886400,7.7286690800,5548590,252332935.4900,2,0.802856,1,-2.957600,10.758278,3.712459,1.133407,22.835803
2011-06-03,sz.000338,7.5000886400,7.6723521600,7.5000886400,7.5580619400,7.5000886400,6249300,285635562.2300,2,0.904245,1,0.773000,10.841436,3.741155,1.142167,23.012317
2011-06-07,sz.000338,7.5530928000,7.6160352400,7.5067141600,7.5862204000,7.5580619400,5442601,248801554.6900,2,0.787520,1,0.372600,10.881827,3.755093,1.146423,23.098052
2011-06-08,sz.000338,7.5862204000,7.5862204000,7.4056749800,7.5365290000,7.5862204000,5958170,269494704.9600,2,0.862120,1,-0.655000,10.810549,3.730496,1.138913,22.946754
2011-06-09,sz.000338,7.5348726200,7.5348726200,7.4056749800,7.4123005000,7.5365290000,5153252,231843678.4000,2,0.745652,1,-1.648400,10.632353,3.669005,1.120140,22.568511
2011-06-10,sz.000338,7.3957367000,7.5332162400,7.3675782400,7.4818684600,7.4123005000,5965139,267802421.1100,2,0.863128,1,0.938500,10.732143,3.703440,1.130653,22.780327
2011-06-13,sz.000338,7.4354898200,7.4354898200,7.3609527200,7.3891111800,7.4818684600,4425479,197281929.8200,2,0.640347,1,-1.239800,10.599090,3.657526,1.116636,22.497906
2011-06-14,sz.000338,7.3891111800,7.6011278200,7.3841420400,7.5315598600,7.3891111800,6806417,308495733.1800,2,0.984858,1,1.927800,10.803421,3.728037,1.138162,22.931625
2011-06-15,sz.000338,7.5232779600,7.5282471000,7.4172696400,7.4205824000,7.5315598600,4729190,213411942.0100,2,0.684292,1,-1.473500,10.644233,3.673104,1.121392,22.593727
2011-06-16,sz.000338,7.3742037600,7.3742037600,7.2880720000,7.2897283800,7.4205824000,5732387,253156280.8400,2,0.829450,1,-1.763400,10.456533,3.608333,1.101617,22.195311
2011-06-17,sz.000338,7.2731645800,7.3178868400,7.1224340000,7.1224340000,7.2897283800,5616814,245751434.0400,2,0.812727,1,-2.294900,10.216563,3.525524,1.076336,21.685944
2011-06-20,sz.000338,7.1224340000,7.1555616000,6.8607259600,6.9071046000,7.1224340000,6907934,289822873.5300,2,0.999547,1,-3.023300,9.907690,3.418938,1.043795,21.030322
2011-06-21,sz.000338,6.9120737400,7.0131129200,6.9120737400,6.9700470400,6.9071046000,5371523,225744475.2100,2,0.777235,1,0.911300,9.997976,3.450094,1.053307,21.221965
2011-06-22,sz.000338,6.9700470400,7.0098001600,6.9253247800,6.9965491200,6.9700470400,6539045,275233674.8600,2,0.946170,1,0.380200,10.035991,3.463212,1.057312,21.302657
2011-06-23,sz.000338,6.9982055000,7.3609527200,6.9186992600,7.3096049400,6.9965491200,10478585,453755677.3100,2,1.516203,1,4.474400,10.485044,3.618171,1.104621,22.255830
2011-06-24,sz.000338,7.2847592400,7.6441937000,7.2549444000,7.5315598600,7.3096049400,18051772,818823765.8900,2,2.612009,1,3.036500,10.803421,3.728037,1.138162,22.931625
2011-06-27,sz.000338,7.5779385000,7.6524756000,7.5183088200,7.5448109000,7.5315598600,10937430,500223039.0500,2,1.582596,1,0.175900,10.822428,3.734596,1.140165,22.971971
2011-06-28,sz.000338,7.5613747000,7.5663438400,7.3708910000,7.4619919000,7.5448109000,9103992,408195366.9500,2,1.317306,1,-1.097700,10.703631,3.693601,1.127649,22.719809
2011-06-29,sz.000338,7.4172696400,7.5183088200,7.3675782400,7.3692346200,7.4619919000,5912752,264989188.7800,2,0.855548,1,-1.243100,10.570578,3.647687,1.113632,22.437387
2011-06-30,sz.000338,7.3708910000,7.6193480000,7.3708910000,7.5249343400,7.3692346200,10620972,483494036.6700,2,1.536806,1,2.112800,10.793917,3.724757,1.137161,22.911452
2011-07-01,sz.000338,7.5779385000,7.5928459200,7.4768993200,7.5000886400,7.5249343400,8805281,400190116.4900,2,1.274084,1,-0.330200,10.758278,3.712459,1.133407,22.835803
2011-07-04,sz.000338,7.5680002200,7.8479284400,7.5481236600,7.7882987600,7.5000886400,15120684,709128017.4200,2,2.187894,1,3.842800,11.171692,3.855119,1.176961,23.713327
2011-07-05,sz.000338,7.8263955000,8.0003154000,7.8263955000,7.8893379400,7.7882987600,12476323,595809557.8100,2,1.805267,1,1.297300,11.316625,3.905133,1.192230,24.020965
2011-07-06,sz.000338,7.8909943200,7.8926507000,7.7154180400,7.8065189400,7.8893379400,6898108,324294357.1500,2,0.998125,1,-1.049800,11.197828,3.864138,1.179714,23.768803
2011-07-07,sz.000338,7.8048625600,8.0003154000,7.7949242800,7.8048625600,7.8065189400,10307857,490304907.1700,2,1.491500,1,-0.021200,11.195452,3.863318,1.179464,23.763760
2011-07-08,sz.000338,7.7731260000,7.7898424000,7.6912156400,7.7246484400,7.8048871600,6690821,309306201.8700,2,0.968131,1,-1.028056,10.979241,3.788708,1.156685,23.304825
2011-07-11,sz.000338,7.7062604000,7.8567080000,7.5909172400,7.7564096000,7.7246484400,7229921,333298290.8200,2,1.046137,1,0.411200,11.024384,3.804286,1.161441,23.400646
2011-07-12,sz.000338,7.6577828400,7.6862007200,7.5959321600,7.6009470800,7.7564096000,6143293,280235351.7800,2,0.888906,1,-2.004300,10.803421,3.728037,1.138162,22.931625
2011-07-13,sz.000338,7.6009470800,7.7463797600,7.5959321600,7.6979022000,7.6009470800,4936650,226987196.7600,2,0.714311,1,1.275600,10.941226,3.775590,1.152680,23.224133
2011-07-14,sz.000338,7.7697827200,7.7814842000,7.6377231600,7.6544395600,7.6979022000,6146474,282546186.7500,2,0.889367,1,-0.564600,10.879451,3.754273,1.146172,23.093009
2011-07-15,sz.000338,7.6477530000,7.7162902400,7.6059620000,7.6561112000,7.6544395600,6286767,288003432.6600,2,0.909667,1,0.021800,10.881827,3.755093,1.146423,23.098052
2011-07-18,sz.000338,7.6594544800,7.7246484400,7.5390964000,7.5624993600,7.6561112000,8916481,406208731.8700,2,1.290174,1,-1.222700,10.748774,3.709179,1.132405,22.815630
2011-07-19,sz.000338,7.5223800000,7.5407680400,7.3351563200,7.3351563200,7.5624993600,10231404,452699639.6500,2,1.480438,1,-3.006200,10.425646,3.597674,1.098363,22.129749
2011-07-20,sz.000338,7.3886488000,7.4404696400,7.3217832000,7.4120517600,7.3351563200,5698954,251797102.1700,2,0.824613,1,1.048300,10.534939,3.635389,1.109877,22.361738
2011-07-21,sz.000338,7.4153950400,7.4387980000,7.3552160000,7.3602309200,7.4120517600,4636334,204813993.4500,2,0.670856,1,-0.699100,10.461285,3.609973,1.102118,22.205398
2011-07-22,sz.000338,7.3602309200,7.5207083600,7.3602309200,7.4638726000,7.3602309200,5563319,248611028.7100,2,0.804987,1,1.408100,10.608593,3.660806,1.117637,22.518079
2011-07-25,sz.000338,7.4070368400,7.4070368400,7.1044700000,7.1161714800,7.4638726000,8408199,364105536.0400,2,1.216628,1,-4.658500,10.114397,3.490269,1.065572,21.469084
2011-07-26,sz.000338,7.1211864000,7.1880520000,7.1044700000,7.1713356000,7.1161714800,3377561,144434706.0200,2,0.488718,1,0.775200,10.192803,3.517325,1.073833,21.635511
2011-07-27,sz.000338,7.1863803600,7.2515743200,7.1061416400,7.2248280800,7.1713356000,4589493,197911990.7900,2,0.664079,1,0.745900,10.268833,3.543562,1.081843,21.796895
2011-07-28,sz.000338,7.1245296800,7.2699623600,7.1044700000,7.2348579200,7.2248280800,5037059,215494449.9000,2,0.728839,1,0.138800,10.283089,3.548481,1.083344,21.827155
2011-07-29,sz.000338,7.2348579200,7.2816638400,7.1295446000,7.2047684000,7.2348579200,3593705,154795693.3500,2,0.519993,1,-0.415900,10.240322,3.533723,1.078839,21.736376
2011-08-01,sz.000338,7.2014251200,7.2298430000,7.1379028000,7.2164698800,7.2047684000,3199420,137713126.9800,2,0.462941,1,0.162400,10.256954,3.539462,1.080591,21.771679
2011-08-02,sz.000338,7.1679923200,7.3368279600,7.0760521200,7.3284697600,7.2164698800,7457270,322195140.7300,2,1.079033,1,1.552000,10.416142,3.594395,1.097362,22.109576
2011-08-03,sz.000338,7.2682907200,7.4387980000,7.2164698800,7.2933653200,7.3284697600,6131773,268986785.7400,2,0.887240,1,-0.479000,10.366247,3.577177,1.092105,22.003668
2011-08-04,sz.000338,7.3351563200,7.3468578000,7.2382012000,7.2382012000,7.2933653200,3554431,154829153.1700,2,0.514310,1,-0.756400,10.287841,3.550121,1.083845,21.837241
2011-08-05,sz.000338,7.0626790000,7.1128282000,6.9874552000,7.0392760400,7.2382012000,6523041,275275920.7100,2,0.943854,1,-2.748300,10.005103,3.452554,1.054058,21.237095
2011-08-08,sz.000338,6.9707388000,6.9707388000,6.5210676400,6.8269777600,7.0392760400,13208773,531488934.1900,2,1.911249,1,-3.015900,9.703358,3.348428,1.022269,20.596603
2011-08-09,sz.000338,6.5611870000,6.7985598800,6.5528288000,6.7082913200,6.8269777600,8124620,323734806.2500,2,1.175595,1,-1.738500,9.534666,3.290216,1.004497,20.238533
2011-08-10,sz.000338,6.8871568000,6.9256045200,6.7116346000,6.7283510000,6.7082913200,7262769,296319156.0300,2,1.050890,1,0.299000,9.563178,3.300054,1.007500,20.299052
2011-08-11,sz.000338,6.6430973600,6.7367092000,6.6029780000,6.7183211600,6.7283510000,6686100,267566378.1700,2,0.967448,1,-0.149100,9.548922,3.295135,1.005998,20.268793
2011-08-12,sz.000338,6.7701420000,6.8503807200,6.7300226400,6.8219628400,6.7183211600,8338504,338878157.5000,2,1.206544,1,1.542700,9.696231,3.345968,1.021518,20.581474
2011-08-15,sz.000338,6.8537240000,7.0543208000,6.7935449600,7.0526491600,6.8219628400,10974052,456246113.3100,2,1.587895,1,3.381500,10.024111,3.459113,1.056061,21.277441
2011-08-16,sz.000338,7.0543208000,7.0710372000,6.8871568000,6.9122314000,7.0526491600,6666457,278023357.2700,2,0.964606,1,-1.991000,9.824532,3.390242,1.035034,20.853809
2011-08-17,sz.000338,6.9038732000,7.0091865200,6.8871568000,6.9189179600,6.9122314000,4000448,166424309.3500,2,0.578847,1,0.096700,9.834035,3.393522,1.036036,20.873982
2011-08-18,sz.000338,6.9289478000,6.9289478000,6.7367092000,6.7433957600,6.9189179600,5574259,227681996.1700,2,0.806570,1,-2.536800,9.584561,3.307433,1.009753,20.344441
2011-08-19,sz.000338,6.6196944000,6.7367092000,6.5896048800,6.6397540800,6.7433957600,6741370,267632081.8000,2,0.975446,1,-1.536900,9.437253,3.256600,0.994234,20.031760
2011-08-22,sz.000338,6.6397540800,6.6999331200,6.5779034000,6.6481122800,6.6397540800,3736474,148596663.3400,2,0.540651,1,0.125900,9.449132,3.260700,0.995485,20.056976
2011-08-23,sz.000338,6.6815450800,6.7968882400,6.6213660400,6.7868584000,6.6481122800,3940117,158296423.6900,2,0.570117,1,2.087000,9.646336,3.328751,1.016261,20.475566
2011-08-24,sz.000338,6.8236344800,6.8520523600,6.7133062400,6.7718136400,6.7868584000,3762531,152995880.6400,2,0.544421,1,-0.221700,9.624952,3.321372,1.014008,20.430176
2011-08-25,sz.000338,6.7818434800,6.9874552000,6.7183211600,6.9155746800,6.7718136400,8917568,367409092.6500,2,1.290331,1,2.122900,9.829284,3.391882,1.035535,20.863895
2011-08-26,sz.000338,6.9038732000,6.9707388000,6.8620822000,6.9239328800,6.9155746800,4814986,199179824.1400,2,0.696707,1,0.120859,9.841163,3.395981,1.036787,20.889111
2011-08-29,sz.000338,6.8871568000,6.8905000800,6.7684703600,6.7918733200,6.9239328800,5079470,207131039.6900,2,0.734976,1,-1.907300,9.653464,3.331210,1.017012,20.490695
2011-08-30,sz.000338,6.8069180800,7.0543208000,6.8069180800,6.8537240000,6.7918733200,10430733,433023493.6100,2,1.509280,1,0.910700,9.690338,3.240922,1.024402,23.203767
2011-08-31,sz.000338,6.8871568000,7.0543208000,6.8871568000,6.9874552000,6.8537240000,9056666,378633560.6500,2,1.310458,1,1.951200,9.879418,3.304160,1.044390,23.656524
2011-09-01,sz.000338,7.0309178400,7.0509775200,6.8921717200,6.9506791200,6.9874552000,4555346,189857896.0700,2,0.659138,1,-0.526300,9.827421,3.286770,1.038893,23.532016
2011-09-02,sz.000338,6.8871568000,6.9473358400,6.8102613600,6.8988582800,6.9506791200,4424816,181763551.1400,2,0.640251,1,-0.745600,9.754153,3.262265,1.031148,23.356573
2011-09-05,sz.000338,6.8370076000,6.8370076000,6.6815450800,6.7116346000,6.8988582800,4113632,165600285.0500,2,0.595224,1,-2.713800,9.489441,3.173733,1.003164,22.722714
2011-09-06,sz.000338,6.6681719600,6.7300226400,6.6196944000,6.6481122800,6.7116346000,3401802,135722717.4800,2,0.492225,1,-0.946500,9.399628,3.143695,0.993670,22.507654
2011-09-07,sz.000338,6.6464406400,6.8202912000,6.6464406400,6.7868584000,6.6481122800,3956330,159658662.1700,2,0.572463,1,2.087000,9.595799,3.209304,1.014408,22.977389
2011-09-08,sz.000338,6.8035748000,6.8236344800,6.6882316400,6.6882316400,6.7868584000,3223275,129984021.1000,2,0.466393,1,-1.453202,9.456352,3.162666,0.999666,22.643481
2011-09-09,sz.000338,6.7701420000,6.8035748000,6.6882316400,6.7333659200,6.6882316400,3173024,127602458.0900,2,0.459122,1,0.674800,9.520167,3.184009,1.006412,22.796286
2011-09-13,sz.000338,6.6347391600,6.6347391600,6.5361124000,6.5695452000,6.7333659200,3384102,133053107.2300,2,0.489664,1,-2.433000,9.288544,3.106543,0.981927,22.241660
2011-09-14,sz.000338,6.6531272000,6.6665003200,6.5210676400,6.6330675200,6.5695452000,3567524,140795771.9300,2,0.516204,1,0.966900,9.378357,3.136581,0.991421,22.456719
2011-09-15,sz.000338,6.6497839200,6.7116346000,6.6163511200,6.6380824400,6.6330675200,3781243,150762585.9800,2,0.547129,1,0.075600,9.385447,3.138952,0.992171,22.473698
2011-09-16,sz.000338,6.6765301600,6.7149778800,6.6230376800,6.6297242400,6.6380824400,2386531,95119346.1600,2,0.345320,1,-0.125900,9.373630,3.135000,0.990921,22.445400
2011-09-19,sz.000338,6.6130078400,6.6364108000,6.5227392800,6.5511571600,6.6297242400,3390509,132942251.2000,2,0.490591,1,-1.185100,9.262545,3.097848,0.979178,22.179406
2011-09-20,sz.000338,6.5411273200,6.6029780000,6.5193960000,6.5528288000,6.5511571600,2855727,111970051.6600,2,0.413211,1,0.025500,9.264909,3.098638,0.979428,22.185065
2011-09-21,sz.000338,6.5645302800,6.7584405200,6.5344407600,6.7333659200,6.5528288000,6995147,279795005.2300,2,1.012166,1,2.755100,9.520167,3.184009,1.006412,22.796286
2011-09-22,sz.000338,6.6698436000,6.6882316400,6.5327691200,6.5361124000,6.7333659200,4717447,186458713.3600,2,0.682593,1,-2.929500,9.241274,3.090733,0.976930,22.128471
2011-09-23,sz.000338,6.4190976000,6.5193960000,6.3539036400,6.4190976000,6.5361124000,4595423,176189230.0800,2,0.664937,1,-1.790300,9.075829,3.035401,0.959440,21.732309
2011-09-26,sz.000338,6.3839931600,6.4826199200,6.2770082000,6.2836947600,6.4190976000,4640795,176384107.3700,2,0.671502,1,-2.109400,8.884386,2.971373,0.939202,21.273893
2011-09-27,sz.000338,6.3187992000,6.3856648000,6.2836947600,6.3488887200,6.2836947600,4436809,168559002.2200,2,0.641986,1,1.037500,8.976562,3.002201,0.948946,21.494612
2011-09-28,sz.000338,6.4358140000,6.4525304000,6.2870380400,6.3154559200,6.3488887200,4195978,160331967.3400,2,0.607139,1,-0.526600,8.929292,2.986391,0.943949,21.381423
2011-09-29,sz.000338,6.2903813200,6.3605902000,6.1850680000,6.3020828000,6.3154559200,4740492,178371251.9700,2,0.685928,1,-0.211800,8.910384,2.980068,0.941950,21.336147
2011-09-30,sz.000338,6.3656051200,6.3689484000,6.2101426000,6.2285306400,6.3020828000,3561294,133452133.1100,2,0.515303,1,-1.167100,8.806390,2.945287,0.930956,21.087131
2011-10-10,sz.000338,6.2686500000,6.3271574000,6.1516352000,6.1733665200,6.2285306400,2679789,99680146.9800,2,0.387753,1,-0.885700,8.728395,2.919202,0.922711,20.900369
2011-10-11,sz.000338,6.2853664000,6.3689484000,6.1265606000,6.1599934000,6.1733665200,3716635,138781113.1200,2,0.537780,1,-0.216600,8.709487,2.912878,0.920712,20.855093
2011-10-12,sz.000338,6.1516352000,6.3689484000,6.1349188000,6.3455454400,6.1599934000,6564574,246510981.1800,2,0.949864,1,3.012200,8.971835,3.000620,0.948446,21.483293
2011-10-13,sz.000338,6.3355156000,6.4124110400,6.3104410000,6.3789782400,6.3455454400,6040805,229991835.4300,2,0.874077,1,0.526900,9.019105,3.016429,0.953443,21.596482
2011-10-14,sz.000338,6.3806498800,6.3806498800,6.2469186800,6.3070977200,6.3789782400,3466657,130629942.5900,2,0.501609,1,-1.126800,8.917475,2.982439,0.942700,21.353125
2011-10-17,sz.000338,6.3121126400,6.3839931600,6.2786798400,6.2937246000,6.3070977200,2647330,100166833.0900,2,0.383057,1,-0.212000,8.898567,2.976115,0.940701,21.307850
2011-10-18,sz.000338,6.2519336000,6.2536052400,6.0513368000,6.0513368000,6.2937246000,4949744,181866291.8900,2,0.716205,1,-3.851300,8.555860,2.861497,0.904472,20.487229
2011-10-19,sz.000338,6.0680532000,6.1349188000,5.8256654000,5.8808295200,6.0513368000,7510050,265979478.9900,2,1.086670,1,-2.817700,8.314783,2.780870,0.878987,19.909964
2011-10-20,sz.000338,5.8808295200,5.8808295200,5.5983223600,5.7838744000,5.8808295200,6190039,211057348.0700,2,0.895670,1,-1.648700,8.177700,2.735022,0.864495,19.581716
2011-10-21,sz.000338,5.7788594800,5.7822027600,5.6384417200,5.6685312400,5.7838744000,3118510,106288208.4100,2,0.451234,1,-1.994200,8.014619,2.680480,0.847255,19.191213
2011-10-24,sz.000338,5.6785610800,5.8072773600,5.6417850000,5.7671580000,5.6685312400,4581798,157023528.8800,2,0.662965,1,1.739900,8.154065,2.727118,0.861997,19.525121
2011-10-25,sz.000338,5.7771878400,5.9008892000,5.6802327200,5.8674564000,5.7671580000,6455678,224627328.0700,2,0.934107,1,1.739100,8.295875,2.774546,0.876988,19.864689
2011-10-26,sz.000338,5.8490683600,6.0279338400,5.8173072000,5.9176056000,5.8674564000,7966758,282765642.1300,2,1.152754,1,0.854700,8.366780,2.798260,0.884483,20.034472
2011-10-27,sz.000338,5.9343220000,6.0112174400,5.8758146000,5.9777846400,5.9176056000,6078506,216800421.1600,2,0.879532,1,1.016900,8.451866,2.826717,0.893478,20.238213
2011-10-28,sz.000338,6.0346204000,6.2118142400,6.0346204000,6.1934262000,5.9777846400,10482733,384387371.1600,2,1.516804,1,3.607400,8.756757,2.928687,0.925709,20.968282
2011-10-31,sz.000338,6.1817247200,6.1817247200,6.0179040000,6.0747397600,6.1934262000,9005447,328179009.7300,2,1.303047,1,-1.916300,9.225933,2.751346,0.952808,13.595603
2011-11-01,sz.000338,6.0145607200,6.2987395200,6.0011876000,6.2452470400,6.0747397600,11471134,425958053.3100,2,1.659821,1,2.806800,9.484889,2.828571,0.979551,13.977208
2011-11-02,sz.000338,6.1683516000,6.3722916800,6.1399337200,6.3455454400,6.2452470400,10145735,379455164.5100,2,1.468042,1,1.606000,9.637215,2.873998,0.995283,14.201681
2011-11-03,sz.000338,6.3722916800,6.5127094400,6.3706200400,6.4174259600,6.3455454400,11587216,447987347.7100,2,1.676617,1,1.132800,9.746383,2.906554,1.006557,14.362554
2011-11-04,sz.000338,6.4224408800,6.5060228800,6.3539036400,6.3940230000,6.4174259600,6697883,257689312.3200,2,0.969153,1,-0.364700,9.710840,2.895954,1.002887,14.310177
2011-11-07,sz.000338,6.3689484000,6.4441722000,6.2920529600,6.3137842800,6.3940230000,5758238,218340354.8500,2,0.833191,1,-1.254900,9.588979,2.859613,0.990301,14.130598
2011-11-08,sz.000338,6.2987395200,6.4274558000,6.2469186800,6.2853664000,6.3137842800,6404114,242212259.0800,2,0.926646,1,-0.450100,9.545819,2.846742,0.985844,14.066997
2011-11-09,sz.000338,6.2953962400,6.5026796000,6.2903813200,6.4993363200,6.2853664000,10304903,393876733.8900,2,1.491072,1,3.404300,9.870783,2.943652,1.019405,14.545874
2011-11-10,sz.000338,6.4358140000,6.5561720800,6.4040528400,6.4374856400,6.4993363200,8900328,345408686.0600,2,1.287837,1,-0.951600,9.776848,2.915639,1.009704,14.407448
2011-11-11,sz.000338,6.4408289200,6.4876348400,6.3622618400,6.4358140000,6.4374856400,4644515,178493724.6100,2,0.672040,1,-0.026000,9.774310,2.914882,1.009441,14.403707
2011-11-14,sz.000338,6.4809482800,6.6029780000,6.4809482800,6.5695452000,6.4358140000,6162406,241710884.4200,2,0.891672,1,2.077900,9.977412,2.975451,1.030417,14.703005
2011-11-15,sz.000338,6.6180227600,6.6263809600,6.5494855200,6.5712168400,6.5695452000,5341434,210289878.7600,2,0.772881,1,0.025400,9.979951,2.976208,1.030679,14.706746
2011-11-16,sz.000338,6.5712168400,6.5745601200,6.2903813200,6.3037544400,6.5712168400,7284660,279600113.5200,2,1.054057,1,-4.070200,9.573746,2.855070,0.988728,14.108151
2011-11-17,sz.000338,6.3271574000,6.3823215200,6.2686500000,6.2753365600,6.3037544400,5308140,200290048.8600,2,0.768064,1,-0.450800,9.530587,2.842199,0.984271,14.044550
2011-11-18,sz.000338,6.2619634400,6.2619634400,5.9610682400,5.9710980800,6.2753365600,8598614,312396305.1900,2,1.244180,1,-4.848200,9.068528,2.704405,0.936552,13.363647
2011-11-21,sz.000338,5.9861428400,6.0195756400,5.9176056000,5.9510384000,5.9710980800,4718853,168316610.3700,2,0.682797,1,-0.335900,9.038063,2.695320,0.933405,13.318753
2011-11-22,sz.000338,5.9159339600,6.0162323600,5.8774862400,5.8992175600,5.9510384000,6278936,222656632.4000,2,0.908533,1,-0.870800,8.959361,2.671849,0.925278,13.202775
2011-11-23,sz.000338,5.9176056000,5.9677548000,5.8290086800,5.8858444400,5.8992175600,3510217,123866350.6000,2,0.507912,1,-0.226700,8.939051,2.665792,0.923180,13.172845
2011-11-24,sz.000338,5.8841728000,5.9761130000,5.8005908000,5.9259638000,5.8858444400,3703659,130187711.8800,2,0.535903,1,0.681600,8.999981,2.683963,0.929473,13.262634
2011-11-25,sz.000338,5.8942026400,5.9376652800,5.8156355600,5.8206504800,5.9259638000,2736868,95940106.3000,2,0.396012,1,-1.777200,8.840038,2.636265,0.912954,13.026937
2011-11-28,sz.000338,5.8206504800,5.8808295200,5.7755162000,5.8256654000,5.8206504800,2627911,91481800.3700,2,0.380247,1,0.086200,8.847654,2.638536,0.913741,13.038161
2011-11-29,sz.000338,5.8925310000,5.9744413600,5.8791578800,5.9677548000,5.8256654000,4564842,162210449.0200,2,0.660512,1,2.439000,9.063451,2.702891,0.936027,13.356165
2011-11-30,sz.000338,5.9627398800,5.9844712000,5.6819043600,5.7337252000,5.9677548000,5187261,180488053.0300,2,0.750573,1,-3.921600,8.708021,2.596895,0.899320,12.832394
2011-12-01,sz.000338,5.9343220000,6.0613666400,5.8557549200,5.9777846400,5.7337252000,10165034,363567870.6200,2,1.470834,1,4.256600,9.078684,2.707433,0.937601,13.378612
2011-12-02,sz.000338,5.9109190400,5.9527100400,5.8674564000,5.9059041200,5.9777846400,3299207,116402986.2000,2,0.477380,1,-1.202500,8.969516,2.674878,0.926326,13.217740
2011-12-05,sz.000338,5.9092474000,5.9343220000,5.7705012800,5.7755162000,5.9059041200,3036242,105776383.0900,2,0.439330,1,-2.207800,8.771491,2.615823,0.905875,12.925924
2011-12-06,sz.000338,5.7705012800,5.8089490000,5.6484715600,5.6819043600,5.7755162000,3808051,129939437.5000,2,0.551008,1,-1.620800,8.629319,2.573425,0.891192,12.716416
2011-12-07,sz.000338,5.7136655200,5.7136655200,5.5715761200,5.6601730400,5.6819043600,4100569,138506391.4900,2,0.593334,1,-0.382500,8.596315,2.563582,0.887784,12.667780
2011-12-08,sz.000338,5.6601730400,5.7002924000,5.6100238400,5.6183820400,5.6601730400,3619214,122274882.9100,2,0.523684,1,-0.738300,8.532845,2.544654,0.881229,12.574249
2011-12-09,sz.000338,5.5999940000,5.6585014000,5.5816059600,5.6133671200,5.6183820400,3443458,115745100.7400,2,0.498253,1,-0.089300,8.525229,2.542383,0.880443,12.563026
2011-12-12,sz.000338,5.5899641600,5.5966507200,5.4662628000,5.4746210000,5.6133671200,4094234,135005603.7100,2,0.592417,1,-2.471700,8.314510,2.479543,0.858681,12.252504
2011-12-13,sz.000338,5.4528896800,5.4579046000,5.1486512000,5.2456063200,5.4746210000,7216662,226251187.9100,2,1.044218,1,-4.183200,7.966697,2.375818,0.822760,11.739957
2011-12-14,sz.000338,5.2372481200,5.2389197600,5.0149200000,5.1453079200,5.2456063200,4719672,144922267.1600,2,0.682915,1,-1.912000,7.814370,2.330391,0.807029,11.515483
2011-12-15,sz.000338,5.0700841200,5.0934870800,4.9814872000,5.0617259200,5.1453079200,5168051,155406874.7800,2,0.747793,1,-1.624400,7.687431,2.292536,0.793919,11.328422
2011-12-16,sz.000338,5.0617259200,5.1753974400,4.9664424400,5.1402930000,5.0617259200,5514327,166624370.5800,2,0.797898,1,1.552200,7.806754,2.328120,0.806242,11.504260
2011-12-19,sz.000338,5.1269198800,5.1636959600,4.9681140800,5.1586810400,5.1402930000,4949282,149509000.1800,2,0.716139,1,0.357700,7.834680,2.336448,0.809126,11.545413
2011-12-20,sz.000338,5.1586810400,5.2372481200,5.1202333200,5.1469795600,5.1586810400,4688499,145358787.9300,2,0.678404,1,-0.226800,7.816909,2.331149,0.807291,11.519224
2011-12-21,sz.000338,5.2322332000,5.2405914000,5.0483528000,5.0483528000,5.1469795600,3629158,111774846.6000,2,0.525123,1,-1.916200,7.667121,2.286479,0.791822,11.298492
2011-12-22,sz.000338,5.0149200000,5.0851288800,4.9480544000,5.0533677200,5.0483528000,5183242,155884675.1800,2,0.749991,1,0.099300,7.674737,2.288750,0.792608,11.309716
2011-12-23,sz.000338,5.0684124800,5.2405914000,5.0333080400,5.2105018800,5.0533677200,9782219,302539203.1400,2,1.415443,1,3.109500,7.913383,2.359919,0.817254,11.661391
2011-12-26,sz.000338,5.2071586000,5.2171884400,5.1001736400,5.1235766000,5.2105018800,2848094,87879374.4800,2,0.412106,1,-1.668300,7.781366,2.320549,0.803620,11.466847
2011-12-27,sz.000338,5.1235766000,5.2021436800,5.1001736400,5.1820840000,5.1235766000,5350637,164966603.9500,2,0.774213,1,1.141900,7.870223,2.347048,0.812797,11.597790
2011-12-28,sz.000338,5.1068602000,5.1820840000,5.0199349200,5.1653676000,5.1820840000,3519233,107799382.0800,2,0.509217,1,-0.322600,7.844836,2.339477,0.810175,11.560378
2011-12-29,sz.000338,5.1118751200,5.2088302400,5.1001736400,5.1653676000,5.1653676000,4804132,148378150.3100,2,0.695136,1,0.000000,7.844836,2.339477,0.810175,11.560378
2011-12-30,sz.000338,5.1703825200,5.2690092800,5.1703825200,5.2656660000,5.1653676000,4947916,154955059.6500,2,0.715941,1,1.941700,7.997162,2.384904,0.825907,11.784851
2012-01-04,sz.000338,5.2990988000,5.3291883200,5.0968303600,5.1051885600,5.2656660000,4607736,144110934.9500,2,0.666718,1,-3.047600,7.753439,2.312221,0.800736,11.425694
2012-01-05,sz.000338,5.0901438000,5.0901438000,5.0015468800,5.0801139600,5.1051885600,3294542,99370003.0900,2,0.476705,1,-0.491200,7.715358,2.300864,0.796803,11.369576
2012-01-06,sz.000338,5.0249498400,5.1770690800,4.9982036000,5.1737258000,5.0801139600,2812861,85353741.8500,2,0.407008,1,1.842700,7.857529,2.343262,0.811486,11.579084
2012-01-09,sz.000338,5.1804123600,5.3291883200,5.1001736400,5.3191584800,5.1737258000,6390387,200803316.3100,2,0.924660,1,2.811000,8.078403,2.409131,0.834297,11.904570
2012-01-10,sz.000338,5.3275166800,5.6100238400,5.3007704400,5.5481731600,5.3191584800,9114310,297414514.2200,2,1.318799,1,4.305500,8.426217,2.512856,0.870217,12.417118
2012-01-11,sz.000338,5.6167104000,5.7170088000,5.5164120000,5.5765910400,5.5481731600,9894121,333220953.9600,2,1.431634,1,0.512200,8.469376,2.525726,0.874674,12.480719
2012-01-12,sz.000338,5.5665612000,5.6066805600,5.4879941200,5.4963523200,5.5765910400,4721859,156415551.0000,2,0.683231,1,-1.438800,8.347514,2.489385,0.862089,12.301140
2012-01-13,sz.000338,5.5013672400,5.5448298800,5.3241734000,5.3626211200,5.4963523200,4730823,153313683.2300,2,0.684529,1,-2.433100,8.144412,2.428816,0.841114,12.001842
2012-01-16,sz.000338,5.2907406000,5.4595762400,5.2573078000,5.3626211200,5.3626211200,4926565,158215583.5600,2,0.712852,1,0.000000,8.144412,2.428816,0.841114,12.001842
2012-01-17,sz.000338,5.3325316000,5.6835760000,5.3241734000,5.5999940000,5.3626211200,9890161,325750143.4700,2,1.431061,1,4.426400,8.504919,2.536326,0.878345,12.533096
2012-01-18,sz.000338,5.6016656400,5.6735461600,5.5180836400,5.5515164400,5.5999940000,9633356,322738577.4400,2,1.393903,1,-0.865700,8.431294,2.514370,0.870741,12.424600
2012-01-19,sz.000338,5.5515164400,5.6852476400,5.5097254400,5.6518148400,5.5515164400,8270437,278510712.7200,2,1.196695,1,1.806700,8.583621,2.559797,0.886473,12.649074
2012-01-20,sz.000338,5.6585014000,5.9677548000,5.6585014000,5.9042324800,5.6518148400,13391058,468543260.8000,2,1.937625,1,4.466100,8.966977,2.674120,0.926064,13.213998
2012-01-30,sz.000338,5.9493667600,5.9644115200,5.7353968400,5.7353968400,5.9042324800,7846932,273470631.3300,2,1.135415,1,-2.859600,8.710560,2.597652,0.899583,12.836135
2012-01-31,sz.000338,5.7420834000,5.7855460400,5.6066805600,5.6668596000,5.7353968400,4352196,147697926.5200,2,0.629743,1,-1.195000,8.606470,2.566611,0.888833,12.682745
2012-02-01,sz.000338,5.6384417200,5.7420834000,5.5999940000,5.6100238400,5.6668596000,3412995,115557372.7600,2,0.493845,1,-1.002900,8.520152,2.540869,0.879918,12.555543
2012-02-02,sz.000338,5.6334268000,5.7337252000,5.6100238400,5.7287102800,5.6100238400,4290450,145600129.7300,2,0.620809,1,2.115600,8.700405,2.594624,0.898534,12.821170
2012-02-03,sz.000338,5.7287102800,5.7972475200,5.6434566400,5.7437550400,5.7287102800,5124726,175350751.9900,2,0.741524,1,0.262600,8.723254,2.601438,0.900894,12.854841
2012-02-06,sz.000338,5.7454266800,5.7671580000,5.5531880800,5.5966507200,5.7437550400,9931319,335047541.8100,2,1.437017,1,-2.561100,8.499841,2.534812,0.877821,12.525613
2012-02-07,sz.000338,5.5665612000,5.5933074400,5.4495464000,5.5331284000,5.5966507200,6009245,198295391.8900,2,0.869510,1,-1.135000,8.403368,2.506042,0.867857,12.383447
2012-02-08,sz.000338,5.5230985600,5.6869192800,5.5030388800,5.6618446800,5.5331284000,6298381,211471796.6800,2,0.911347,1,2.326300,8.598854,2.564339,0.888046,12.671521
2012-02-09,sz.000338,5.6585014000,5.7103222400,5.6167104000,5.6484715600,5.6618446800,5746869,194977622.8200,2,0.831546,1,-0.236200,8.578543,2.558282,0.885949,12.641591
2012-02-10,sz.000338,5.6300835200,5.7337252000,5.6200536800,5.6651879600,5.6484715600,6274586,213453074.8200,2,0.907904,1,0.295900,8.603931,2.565853,0.888571,12.679004
2012-02-13,sz.000338,5.6116954800,5.6635163200,5.5214269200,5.6183820400,5.6651879600,6152007,206000012.4900,2,0.890167,1,-0.826200,8.532845,2.544654,0.881229,12.574249
2012-02-14,sz.000338,5.5983223600,5.6133671200,5.5164120000,5.5498448000,5.6183820400,5798942,192370394.9900,2,0.839080,1,-1.219900,8.428755,2.513613,0.870479,12.420859
2012-02-15,sz.000338,5.5264418400,5.7303819200,5.5264418400,5.7103222400,5.5498448000,9528610,322405887.2100,2,1.378746,1,2.891600,8.672478,2.586295,0.895650,12.780017
2012-02-16,sz.000338,5.7170088000,5.9192772400,5.7170088000,5.7855460400,5.7103222400,13748882,478724035.3200,2,1.989401,1,1.317300,8.786724,2.620365,0.907448,12.948372
2012-02-17,sz.000338,5.8306803200,5.8641131200,5.7236953600,5.7805311200,5.7855460400,6223363,215844967.7700,2,0.900492,1,-0.086700,8.779107,2.618094,0.906662,12.937148
2012-02-20,sz.000338,5.8674564000,5.9059041200,5.7170088000,5.7170088000,5.7805311200,6374714,221991493.0200,2,0.922392,1,-1.098900,8.682634,2.589324,0.896699,12.794981
2012-02-21,sz.000338,5.7454266800,5.7671580000,5.6668596000,5.7571281600,5.7170088000,4445469,152169282.7500,2,0.643239,1,0.701800,8.743564,2.607495,0.902991,12.884771
2012-02-22,sz.000338,5.7587998000,5.8440534400,5.7571281600,5.8173072000,5.7571281600,6334345,219707342.3300,2,0.916551,1,1.045300,8.834960,2.634751,0.912430,13.019455
2012-02-23,sz.000338,5.8373668800,5.8758146000,5.7905609600,5.8173072000,5.8173072000,7424083,259320483.5000,2,1.074231,1,0.000000,8.834960,2.634751,0.912430,13.019455
2012-02-24,sz.000338,5.8206504800,5.9610682400,5.7822027600,5.9510384000,5.8173072000,13709112,481569096.4000,2,1.983646,1,2.298900,9.038063,2.695320,0.933405,13.318753
2012-02-27,sz.000338,5.9593966000,6.1282322400,5.9593966000,6.0229189200,5.9510384000,14628854,531609203.7400,2,2.116728,1,1.207900,9.147231,2.727875,0.944680,13.479625
2012-02-28,sz.000338,6.0145607200,6.0279338400,5.9259638000,5.9844712000,6.0229189200,8236548,294481961.4100,2,1.191791,1,-0.638400,9.088839,2.710462,0.938649,13.393577
2012-02-29,sz.000338,5.9510384000,5.9660831600,5.8239937600,5.8373668800,5.9844712000,8221608,289694106.3300,2,1.189629,1,-2.458100,8.865426,2.643836,0.915576,13.064349
2012-03-01,sz.000338,5.7788594800,5.8741429600,5.7788594800,5.8089490000,5.8373668800,5800734,202265070.1100,2,0.839340,1,-0.486800,8.822267,2.630965,0.911119,13.000749
2012-03-02,sz.000338,5.8189788400,5.9326503600,5.8005908000,5.9276354400,5.8089490000,10226074,358681191.3900,2,1.479666,1,2.043200,9.002520,2.684720,0.929735,13.266375
2012-03-05,sz.000338,5.9376652800,6.0463218800,5.9176056000,5.9259638000,5.9276354400,10983020,393177027.4900,2,1.589193,1,-0.028200,8.999981,2.683963,0.929473,13.262634
2012-03-06,sz.000338,5.8774862400,5.8992175600,5.7922326000,5.8106206400,5.9259638000,7275126,253610255.0000,2,1.052678,1,-1.946400,8.824805,2.631722,0.911381,13.004490
2012-03-07,sz.000338,5.7621430800,5.7671580000,5.6668596000,5.7002924000,5.8106206400,11439379,391000493.3800,2,1.655226,1,-1.898700,8.657246,2.581753,0.894077,12.757569
2012-03-08,sz.000338,5.7186804400,5.8323519600,5.7186804400,5.7521132400,5.7002924000,6097042,210466058.3400,2,0.882214,1,0.909100,8.735948,2.605223,0.902205,12.873547
2012-03-09,sz.000338,5.7855460400,5.8256654000,5.7236953600,5.8239937600,5.7521132400,7932079,274667652.0500,2,1.147736,1,1.249600,8.845116,2.637779,0.913479,13.034420
2012-03-12,sz.000338,5.8323519600,5.8958742800,5.7671580000,5.7955758800,5.8239937600,7864456,274474333.7200,2,1.137951,1,-0.487900,8.801956,2.624908,0.909022,12.970819
2012-03-13,sz.000338,5.7939042400,5.9343220000,5.7587998000,5.9343220000,5.7955758800,10133302,355095625.9500,2,1.466243,1,2.394000,9.012675,2.687748,0.930784,13.281340
2012-03-14,sz.000338,5.9844712000,6.0346204000,5.7504416000,5.7587998000,5.9343220000,16912199,596898109.4400,2,2.447118,1,-2.957700,8.746103,2.608252,0.903253,12.888512
2012-03-15,sz.000338,5.7504416000,5.7939042400,5.6050089200,5.6434566400,5.7587998000,10281687,349441044.2600,2,1.487713,1,-2.002900,8.570927,2.556011,0.885162,12.630368
2012-03-16,sz.000338,5.6434566400,5.7136655200,5.5097254400,5.6785610800,5.6434566400,8928859,300469575.7400,2,1.291965,1,0.622000,8.624242,2.571910,0.890668,12.708933
2012-03-19,sz.000338,5.6802327200,5.6835760000,5.5882925200,5.6334268000,5.6785610800,8152111,274365905.2300,2,1.179573,1,-0.794800,8.555694,2.551468,0.883589,12.607920
2012-03-20,sz.000338,5.6334268000,5.6334268000,5.4996956000,5.5164120000,5.6334268000,8261823,274154264.6500,2,1.195448,1,-2.077200,8.377980,2.498470,0.865235,12.346035
2012-03-21,sz.000338,5.5230985600,5.5799343200,5.4762926400,5.5431582400,5.5164120000,5573389,184481320.5000,2,0.806444,1,0.484800,8.418600,2.510584,0.869431,12.405894
2012-03-22,sz.000338,5.5448298800,5.5582030000,5.4913374000,5.5247702000,5.5431582400,3134526,103535615.7200,2,0.453552,1,-0.331700,8.390674,2.502256,0.866546,12.364741
2012-03-23,sz.000338,5.5164120000,5.5164120000,5.3826808000,5.4010688400,5.5247702000,5677677,184838547.1600,2,0.821534,1,-2.239000,8.202804,2.446230,0.847144,12.087890
2012-03-26,sz.000338,5.4010688400,5.4311583600,5.3709793200,5.3910390000,5.4010688400,2737531,88380969.5100,2,0.396108,1,-0.185700,8.187571,2.441687,0.845571,12.065443
2012-03-27,sz.000338,5.4261434400,5.4462031200,5.3592778400,5.3709793200,5.3910390000,4804772,154939577.9700,2,0.695229,1,-0.372100,8.157106,2.432602,0.842425,12.020548
2012-03-28,sz.000338,5.3626211200,5.3626211200,5.1737258000,5.1737258000,5.3709793200,6454674,202374716.8200,2,0.933962,1,-3.672600,7.857529,2.343262,0.811486,11.579084
2012-03-29,sz.000338,5.1386213600,5.1419646400,4.9513976800,5.0399946000,5.1737258000,8010560,240381125.8500,2,1.159092,1,-2.584800,7.654427,2.282693,0.790511,11.279786
2012-03-30,sz.000338,5.0399946000,5.0868005200,5.0115767200,5.0416662400,5.0399946000,4763164,143743371.0400,2,0.689208,1,0.033200,8.978018,2.193963,0.837220,11.922376
2012-04-05,sz.000338,5.0784423200,5.2322332000,5.0316364000,5.1870989200,5.0416662400,7716953,238040999.4300,2,1.116608,1,2.884600,9.237000,2.257251,0.861370,12.266290
2012-04-06,sz.000338,5.1787407200,5.2105018800,5.1369497200,5.1687108800,5.1870989200,3862039,119577295.5900,2,0.558819,1,-0.354500,9.204255,2.249249,0.858317,12.222807
2012-04-09,sz.000338,5.1687108800,5.2522928800,5.0801139600,5.1519944800,5.1687108800,4463132,138237070.6700,2,0.645795,1,-0.323400,9.174487,2.241975,0.855541,12.183276
2012-04-10,sz.000338,5.1202333200,5.1770690800,5.0316364000,5.1586810400,5.1519944800,4564024,138981475.9600,2,0.660393,1,0.129800,9.186394,2.244884,0.856651,12.199089
2012-04-11,sz.000338,5.1068602000,5.2155168000,5.0349796800,5.1820840000,5.1586810400,4865609,150188118.5100,2,0.704031,1,0.453700,9.228069,2.255068,0.860538,12.254431
2012-04-12,sz.000338,5.2021436800,5.2974271600,5.1503228400,5.2940838800,5.1820840000,7139028,223351019.1800,2,1.032985,1,2.161300,9.427515,2.303807,0.879136,12.519285
2012-04-13,sz.000338,5.2990988000,5.3960539200,5.2756958400,5.3425614400,5.2940838800,9559991,305688227.3000,2,1.383287,1,0.915700,9.513842,2.324903,0.887186,12.633923
2012-04-16,sz.000338,5.3225017600,5.3375465200,5.2623227200,5.2907406000,5.3425614400,3740430,118528795.5200,2,0.541223,1,-0.970000,9.421561,2.302352,0.878581,12.511379
2012-04-17,sz.000338,5.2840540400,5.3258450400,5.2305615600,5.2339048400,5.2907406000,4417509,138998545.5400,2,0.639193,1,-1.074200,9.320350,2.277619,0.869143,12.376975
2012-04-18,sz.000338,5.2639943600,5.3626211200,5.2422630400,5.3542629200,5.2339048400,5068669,161315790.1500,2,0.733413,1,2.299600,9.534679,2.329995,0.889130,12.661594
2012-04-19,sz.000338,5.3325316000,5.3977255600,5.3291883200,5.3442330800,5.3542629200,4434796,142274240.4900,2,0.641695,1,-0.187300,9.516819,2.325630,0.887464,12.637876
2012-04-20,sz.000338,5.3325316000,5.5214269200,5.3325316000,5.4996956000,5.3442330800,9446981,308345011.8300,2,1.366935,1,2.909000,9.793661,2.393282,0.913280,13.005509
2012-04-23,sz.000338,5.4863224800,5.6869192800,5.4729493600,5.6835760000,5.4996956000,14376400,483099229.4200,2,2.080200,1,3.343500,10.121108,2.473301,0.943815,13.440344
2012-04-24,sz.000338,5.5999940000,5.6835760000,5.4612478800,5.5465015200,5.6835760000,10949523,364671459.0900,2,1.584346,1,-2.411800,11.583098,2.314326,1.003278,33.862206
2012-04-25,sz.000338,5.5816059600,5.6350984400,5.5264418400,5.6066805600,5.5465015200,7445198,248119338.8900,2,1.077286,1,1.085000,11.708774,2.339436,1.014164,34.229608
2012-04-26,sz.000338,5.6133671200,5.7053073200,5.5799343200,5.6150387600,5.6066805600,6636305,223998760.9800,2,0.960243,1,0.149100,11.726229,2.342923,1.015676,34.280636
2012-04-27,sz.000338,5.5866208800,5.6401133600,5.4579046000,5.5364716800,5.6150387600,6183169,204717165.2600,2,0.894676,1,-1.399200,11.562152,2.310141,1.001464,33.800972
2012-05-02,sz.000338,5.6167104000,5.7270386400,5.5933074400,5.6835760000,5.5364716800,9069994,307326318.7200,2,1.312387,1,2.657000,11.869359,2.371521,1.028073,34.699066
2012-05-03,sz.000338,5.6835760000,5.7270386400,5.6334268000,5.7170088000,5.6835760000,6094626,207221082.3300,2,0.881865,1,0.588200,11.939179,2.385471,1.034120,34.903178
2012-05-04,sz.000338,5.7119938800,5.7420834000,5.6501432000,5.7086506000,5.7170088000,5211208,177636074.5600,2,0.754038,1,-0.146200,11.921724,2.381984,1.032609,34.852150
2012-05-07,sz.000338,5.6819043600,5.8440534400,5.6752178000,5.8173072000,5.7086506000,10717928,369674707.1000,2,1.550835,1,1.903400,12.148638,2.427322,1.052263,35.515514
2012-05-08,sz.000338,5.8106206400,5.8106206400,5.6601730400,5.7671580000,5.8173072000,7583464,260389520.8900,2,1.097293,1,-0.862100,12.043909,2.406396,1.043192,35.209346
2012-05-09,sz.000338,5.6835760000,5.7086506000,5.5515164400,5.5632179200,5.7671580000,6865126,231062937.9200,2,0.993352,1,-3.536200,11.618008,2.321301,1.006302,33.964262
2012-05-10,sz.000338,5.5582030000,5.5916358000,5.5097254400,5.5164120000,5.5632179200,3912989,130166370.6000,2,0.566192,1,-0.841300,11.520261,2.301771,0.997835,33.678505
2012-05-11,sz.000338,5.4896657600,5.5348000400,5.4328300000,5.4996956000,5.5164120000,7797679,254874202.2200,2,1.128289,1,-0.303000,11.485351,2.294795,0.994812,33.576449
2012-05-14,sz.000338,5.5247702000,5.5431582400,5.3525912800,5.3626211200,5.4996956000,5635200,183902188.2900,2,0.815388,1,-2.492400,11.199090,2.237600,0.970017,32.739589
2012-05-15,sz.000338,5.3492480000,5.3492480000,5.2706809200,5.3074570000,5.3626211200,5504094,174418946.0500,2,0.796417,1,-1.028700,11.083887,2.214582,0.960039,32.402804
2012-05-16,sz.000338,5.3091286400,5.3659644000,5.2355764800,5.3007704400,5.3074570000,5078476,161049058.3600,2,0.734832,1,-0.126000,11.069923,2.211792,0.958829,32.361982
2012-05-17,sz.000338,5.3007704400,5.3525912800,5.2690092800,5.3375465200,5.3007704400,3271371,104175244.0800,2,0.473352,1,0.693800,11.146725,2.227137,0.965481,32.586505
2012-05-18,sz.000338,5.3007704400,5.3408898000,5.2355764800,5.2355764800,5.3375465200,3612407,113968289.6500,2,0.522699,1,-1.910400,10.933775,2.184589,0.947037,31.963963
2012-05-21,sz.000338,5.2355764800,5.3174868400,5.2288899200,5.2422630400,5.2355764800,3212670,101218522.3700,2,0.464859,1,0.127700,10.947739,2.187379,0.948246,32.004785
2012-05-22,sz.000338,5.2990988000,5.3960539200,5.2907406000,5.3826808000,5.2422630400,4342643,139344688.5100,2,0.628361,1,2.678600,11.240982,2.245970,0.973646,32.862056
2012-05-23,sz.000338,5.3843524400,5.4545613200,5.3693076800,5.3977255600,5.3826808000,4003711,129736151.7400,2,0.579319,1,0.279500,11.272400,2.252248,0.976367,32.953907
2012-05-24,sz.000338,5.3993972000,5.5999940000,5.3993972000,5.4863224800,5.3977255600,9836760,325426090.0200,2,1.423334,1,1.641400,11.457423,2.289215,0.992393,33.494804
2012-05-25,sz.000338,5.4913374000,5.5431582400,5.4077554000,5.4829792000,5.4863224800,3628038,118545836.5100,2,0.524961,1,-0.060900,11.450441,2.287820,0.991788,33.474393
2012-05-28,sz.000338,5.4662628000,5.7337252000,5.4161136000,5.6685312400,5.4829792000,10678419,358435375.5400,2,1.545119,1,3.384100,11.837940,2.365244,1.025352,34.607215
2012-05-29,sz.000338,5.6785610800,5.8373668800,5.6768894400,5.7454266800,5.6685312400,12428687,428912839.3400,2,1.798374,1,1.356500,11.998526,2.397329,1.039261,35.076673
2012-05-30,sz.000338,5.7170088000,5.7621430800,5.6250686000,5.6484715600,5.7454266800,5885767,200120107.7600,2,0.851644,1,-1.687500,11.796049,2.356874,1.021723,34.484748
2012-05-31,sz.000338,5.6116954800,5.6467999200,5.5531880800,5.5732477600,5.6484715600,4863298,162663703.2600,2,0.703697,1,-1.331800,11.638954,2.325486,1.008116,34.025496
2012-06-01,sz.000338,5.5582030000,5.6284118800,5.5381433200,5.5816059600,5.5732477600,4419795,147623965.9700,2,0.639524,1,0.150000,11.656409,2.328973,1.009628,34.076524
2012-06-04,sz.000338,5.4829792000,5.5548597200,5.3158152000,5.4161136000,5.5816059600,6926722,224198501.8900,2,1.002265,1,-2.965000,11.310801,2.259920,0.979693,33.066168
2012-06-05,sz.000338,5.3993972000,5.4161136000,5.3174868400,5.3174868400,5.4161136000,4929424,158125452.4600,2,0.713265,1,-1.821000,11.104833,2.218767,0.961853,32.464038
2012-06-06,sz.000338,5.3542629200,5.3693076800,5.3074570000,5.3576062000,5.3174868400,3068271,98022653.5200,2,0.443965,1,0.754500,11.188617,2.235507,0.969110,32.708972
2012-06-07,sz.000338,5.3743226000,5.4361732800,5.3141435600,5.3275166800,5.3576062000,2746042,88272018.1600,2,0.397340,1,-0.561600,11.125779,2.222952,0.963667,32.525271
2012-06-08,sz.000338,5.3693076800,5.3993972000,5.3191584800,5.3225017600,5.3275166800,2391698,76659323.0000,2,0.346068,1,-0.094100,11.115306,2.220860,0.962760,32.494654
2012-06-11,sz.000338,5.3475763600,5.4027404800,5.3308599600,5.3759942400,5.3225017600,3378575,108665940.7200,2,0.488864,1,1.005000,11.227018,2.243180,0.972436,32.821234
2012-06-12,sz.000338,5.3525912800,5.3525912800,5.2807107600,5.3074570000,5.3759942400,5293790,168022437.3500,2,0.765987,1,-1.274900,11.083887,2.214582,0.960039,32.402804
2012-06-13,sz.000338,5.3091286400,5.3693076800,5.2907406000,5.3693076800,5.3074570000,4478221,142918224.0600,2,0.647978,1,1.165400,11.213054,2.240390,0.971227,32.780411
2012-06-14,sz.000338,5.3592778400,5.3776658800,5.3124719200,5.3275166800,5.3693076800,3543129,113294587.0200,2,0.512675,1,-0.778300,11.125779,2.222952,0.963667,32.525271
2012-06-15,sz.000338,5.3291883200,5.3492480000,5.2456063200,5.3074570000,5.3275166800,3471612,109985562.0600,2,0.502326,1,-0.376500,11.083887,2.214582,0.960039,32.402804
2012-06-18,sz.000338,5.3158152000,5.3576062000,5.3074570000,5.3392181600,5.3074570000,3122034,99547989.2500,2,0.451744,1,0.598400,11.150216,2.227835,0.965784,32.596710
2012-06-19,sz.000338,5.3241734000,5.3392181600,5.2690092800,5.2857256800,5.3392181600,2287751,72491611.8100,2,0.331027,1,-1.001900,11.038504,2.205515,0.956108,32.270131
2012-06-20,sz.000338,5.3158152000,5.3275166800,5.2823824000,5.2907406000,5.2857256800,2135510,67759457.9200,2,0.308999,1,0.094900,11.048977,2.207607,0.957015,32.300748
2012-06-21,sz.000338,5.2907406000,5.2907406000,5.1670392400,5.1820840000,5.2907406000,3273358,102137805.4200,2,0.473640,1,-2.053700,10.822063,2.162269,0.937361,31.637383
2012-06-25,sz.000338,5.1787407200,5.1820840000,5.0149200000,5.0316364000,5.1820840000,3230409,98502479.0700,2,0.467425,1,-2.903200,10.507874,2.099494,0.910147,30.718879
2012-06-26,sz.000338,5.0232782000,5.0817856000,5.0149200000,5.0349796800,5.0316364000,3133160,94445820.9200,2,0.453354,1,0.066400,10.514856,2.100889,0.910752,30.739290
2012-06-27,sz.000338,5.0483528000,5.0633975600,4.9982036000,5.0132483600,5.0349796800,3020414,91012544.6100,2,0.437040,1,-0.431600,10.469473,2.091821,0.906821,30.606617
2012-06-28,sz.000338,5.0232782000,5.0483528000,4.9530693200,4.9630991600,5.0132483600,3392134,101288225.4500,2,0.490826,1,-1.000300,10.364744,2.070896,0.897750,30.300449
2012-07-02,sz.000338,5.0349796800,5.0617259200,4.9447111200,4.9630991600,4.9630991600,4603344,137415749.0300,2,0.666083,1,0.000000,10.364744,2.070896,0.897750,30.300449
2012-07-03,sz.000338,4.9848304800,5.0115767200,4.8143232000,4.8310396000,4.9630991600,9550211,279285610.2200,2,1.381872,1,-2.660800,10.088955,2.015793,0.873862,29.494206
2012-07-04,sz.000338,4.8210097600,4.8594574800,4.7106815200,4.7307412000,4.8310396000,6108259,174809614.8200,2,0.883837,1,-2.076100,9.879496,1.973943,0.855720,28.881869
2012-07-05,sz.000338,4.7273979200,4.7374277600,4.5802936000,4.5970100000,4.7307412000,5203477,143804742.5700,2,0.752919,1,-2.826900,9.600217,1.918142,0.831530,28.065421
2012-07-06,sz.000338,4.5986816400,4.6906218400,4.5986816400,4.6889502000,4.5970100000,5773883,160334819.8500,2,0.835455,1,2.000000,9.792221,1.956505,0.848160,28.626729
2012-07-09,sz.000338,4.6889502000,4.6889502000,4.4950399600,4.5268011200,4.6889502000,6325531,173073627.5600,2,0.915276,1,-3.458100,9.453596,1.888847,0.818830,27.636785
2012-07-10,sz.000338,4.5201145600,4.5451891600,4.4499056800,4.4983832400,4.5268011200,3622262,97567577.6200,2,0.524125,1,-0.627800,9.394249,1.876989,0.813689,27.463290
2012-07-11,sz.000338,4.5000548800,4.5669204800,4.4983832400,4.5468608000,4.4983832400,3577248,97175693.4100,2,0.517611,1,1.077700,9.495488,1.897217,0.822458,27.759253
2012-07-12,sz.000338,4.5585622800,4.6421442800,4.4632788000,4.6187413200,4.5468608000,4820876,131201086.5000,2,0.697559,1,1.580900,9.645600,1.927210,0.835460,28.198094
2012-07-13,sz.000338,4.5970100000,4.6471592000,4.5685921200,4.5802936000,4.6187413200,3254025,89819313.9100,2,0.470843,1,-0.832400,9.565307,1.911167,0.828506,27.963365
2012-07-16,sz.000338,4.5802936000,4.5802936000,4.3897266400,4.4064430400,4.5802936000,3723953,99384593.6800,2,0.538839,1,-3.795600,9.202245,1.838626,0.797059,26.901981
2012-07-17,sz.000338,4.4181445200,4.4682937200,4.3964132000,4.4432191200,4.4064430400,1929827,51235045.1300,2,0.279237,1,0.834600,9.279046,1.853972,0.803711,27.126505
2012-07-18,sz.000338,4.4448907600,4.4632788000,4.2777267600,4.4248310800,4.4432191200,3862832,100811970.2800,2,0.558934,1,-0.413800,9.240645,1.846299,0.800385,27.014243
2012-07-19,sz.000338,4.4114579600,4.5234578400,4.3780251600,4.4716370000,4.4248310800,3915234,104981313.2700,2,0.566517,1,1.057800,9.338393,1.865829,0.808851,27.300000
2012-07-20,sz.000338,4.4599355200,4.4599355200,4.2961148000,4.2977864400,4.4716370000,4910238,128247491.4700,2,0.710489,1,-3.887900,8.975330,1.793288,0.777405,26.238617
2012-07-23,sz.000338,4.2760551200,4.2760551200,3.9316972800,3.9601151600,4.2977864400,10079735,241913463.8800,2,1.458492,1,-7.856900,8.270151,1.652392,0.716325,24.177084
2012-07-24,sz.000338,3.8614884000,4.0069210800,3.8497869200,3.9417271200,3.9601151600,7245718,170028326.2100,2,1.048422,1,-0.464300,8.231750,1.644720,0.712999,24.064823
2012-07-25,sz.000338,3.9283540000,3.9751599200,3.8798764400,3.8982644800,3.9417271200,3099289,72487103.5800,2,0.448453,1,-1.102600,8.140984,1.626584,0.705137,23.799477
2012-07-26,sz.000338,3.9149808800,3.9250107200,3.8130108400,3.8163541200,3.8982644800,7950075,182914052.3000,2,1.150340,1,-2.101200,7.969926,1.592407,0.690321,23.299402
2012-07-27,sz.000338,3.8280556000,3.8681749600,3.7979660800,3.8447720000,3.8163541200,4214697,96728147.2500,2,0.609847,1,0.744600,8.029273,1.604264,0.695461,23.472897
2012-07-30,sz.000338,3.8481152800,3.9032794000,3.8330705200,3.8431003600,3.8447720000,3960991,91538895.0800,2,0.573137,1,-0.043500,8.025782,1.603567,0.695159,23.462692
2012-07-31,sz.000338,3.8481152800,3.9032794000,3.8280556000,3.8715182400,3.8431003600,4180640,96825616.2500,2,0.604920,1,0.739500,8.085128,1.615424,0.700299,23.636187
2012-08-01,sz.000338,3.8130108400,3.9517569600,3.8130108400,3.9149808800,3.8715182400,4402064,102827345.2700,2,0.636959,1,1.122600,8.175894,1.633560,0.708161,23.901533
2012-08-02,sz.000338,3.9149808800,3.9400554800,3.8464436400,3.9283540000,3.9149808800,3844434,89547595.9100,2,0.556272,1,0.341600,8.203822,1.639140,0.710580,23.983178
2012-08-03,sz.000338,3.9116376000,3.9718166400,3.9099659600,3.9684733600,3.9283540000,3765815,88755022.0000,2,0.544896,1,1.021300,8.287606,1.655880,0.717837,24.228112
2012-08-06,sz.000338,3.9684733600,4.0553986400,3.9500853200,4.0386822400,3.9684733600,5107004,122213860.4200,2,0.738960,1,1.769200,8.434227,1.685175,0.730537,24.656748
2012-08-07,sz.000338,4.0319956800,4.0436971600,3.9768315600,3.9985628800,4.0386822400,4412735,105856218.5700,2,0.638503,1,-0.993400,8.350443,1.668435,0.723280,24.411813
2012-08-08,sz.000338,4.0019061600,4.0353389600,3.9300256400,3.9785032000,3.9985628800,4456580,105992810.9700,2,0.644847,1,-0.501700,8.308552,1.660065,0.719651,24.289346
2012-08-09,sz.000338,3.9785032000,4.0286524000,3.9266823600,4.0186225600,3.9785032000,5659708,134592234.4900,2,0.818934,1,1.008400,8.392335,1.676805,0.726908,24.534281
2012-08-10,sz.000338,4.0102643600,4.0102643600,3.9166525200,3.9183241600,4.0186225600,5393694,127391160.1200,2,0.780443,1,-2.495800,8.182876,1.634955,0.708766,23.921944
2012-08-13,sz.000338,3.9216674400,3.9601151600,3.8798764400,3.8999361200,3.9183241600,5293765,124074026.2600,2,0.765984,1,-0.469300,8.144475,1.627282,0.705439,23.809682
2012-08-14,sz.000338,3.8999361200,3.9718166400,3.8899062800,3.9718166400,3.8999361200,4247514,99907303.7500,2,0.614596,1,1.843100,8.294588,1.657275,0.718442,24.248524
2012-08-15,sz.000338,3.9684733600,3.9751599200,3.9049510400,3.9300256400,3.9718166400,3652980,85962977.8400,2,0.528570,1,-1.052200,8.207313,1.639837,0.710882,23.993383
2012-08-16,sz.000338,3.9133092400,3.9333689200,3.8882346400,3.8899062800,3.9300256400,3926616,91730700.6000,2,0.568163,1,-1.020800,8.123529,1.623097,0.703625,23.748449
2012-08-17,sz.000338,3.9019896500,3.9019896500,3.8355128000,3.8697584500,3.8899029500,3306635,63532452.7600,2,0.398713,1,-0.517900,8.047426,1.607891,0.697033,23.525967
2012-08-20,sz.000338,3.8294694500,3.8334983500,3.7267325000,3.8073105000,3.8697584500,4367478,82079836.5700,2,0.526628,1,-1.613700,7.917561,1.581944,0.685785,23.146318
2012-08-21,sz.000338,3.8093249500,3.8556573000,3.7811226500,3.8214116500,3.8073105000,3568588,67688788.7000,2,0.430299,1,0.370400,7.946885,1.587803,0.688325,23.232045
2012-08-22,sz.000338,3.8274550000,3.8415561500,3.7690359500,3.7851515500,3.8214116500,2993821,56461745.5500,2,0.360994,1,-0.948900,7.871480,1.572737,0.681794,23.011604
2012-08-23,sz.000338,3.7851515500,3.8294694500,3.7629926000,3.7871660000,3.7851515500,3408965,64212142.5600,2,0.411051,1,0.053200,7.875669,1.573574,0.682157,23.023851
2012-08-24,sz.000338,3.7791082000,3.7791082000,3.6542123000,3.6562267500,3.7871660000,4730576,87079268.8600,2,0.570411,1,-3.457400,7.603372,1.519169,0.658571,22.227813
2012-08-27,sz.000338,3.6562267500,3.6562267500,3.4769407000,3.4870129500,3.6562267500,6559482,114660172.7100,2,0.790939,1,-4.628100,7.251480,1.448860,0.628092,21.199088
2012-08-28,sz.000338,3.4809696000,3.4990996500,3.4487384000,3.4749262500,3.4870129500,4855183,83673072.5700,2,0.585436,1,-0.346600,7.226345,1.443838,0.625915,21.125608
2012-08-29,sz.000338,3.4749262500,3.4829840500,3.3661459500,3.3923338000,3.4749262500,6034812,102481569.7600,2,0.727675,1,-2.376800,7.054589,1.409521,0.611038,20.623492
2012-08-30,sz.000338,3.3238425000,3.4829840500,3.3238425000,3.4447095000,3.3923338000,7318759,124437264.9000,2,0.882493,1,1.543944,7.163507,1.431283,0.620472,20.941907
2012-08-31,sz.000338,3.4447095000,3.5333453000,3.4245650000,3.4447095000,3.4447095000,7488419,129158670.9400,2,0.902950,1,0.000000,8.563162,1.390652,0.677644,13.868695
2012-09-03,sz.000338,3.4648540000,3.7609781500,3.4648540000,3.6239955500,3.4447095000,17090517,307844320.7600,2,2.060767,1,5.204700,9.008847,1.463031,0.712914,14.590516
2012-09-04,sz.000338,3.6320533500,3.7267325000,3.5494609000,3.5837065500,3.6239955500,9623702,173611347.1300,2,1.160422,1,-1.111700,8.908693,1.446766,0.704988,14.428309
2012-09-05,sz.000338,3.5595331500,3.6360822500,3.5494609000,3.5957932500,3.5837065500,4929288,88097150.8300,2,0.594371,1,0.337300,8.938739,1.451646,0.707366,14.476971
2012-09-06,sz.000338,3.5998221500,3.6602556500,3.5655765000,3.5857210000,3.5957932500,5158225,92430491.7600,2,0.621976,1,-0.280100,8.913701,1.447579,0.705384,14.436420
2012-09-07,sz.000338,3.6360822500,3.9442931000,3.6159377500,3.8778162500,3.5857210000,23126930,438471494.9500,2,2.788634,1,8.146100,9.639817,1.565500,0.762845,15.612420
2012-09-10,sz.000338,3.8778162500,4.0893335000,3.8475995000,4.0530734000,3.8778162500,20393413,404474790.4900,2,2.459028,1,4.519500,10.075487,1.636253,0.797322,16.318020
2012-09-11,sz.000338,4.0248711000,4.0248711000,3.9281775000,4.0067410500,4.0530734000,10680816,210556753.7200,2,1.287888,1,-1.143100,9.960309,1.617548,0.788207,16.131482
2012-09-12,sz.000338,4.0450156000,4.1296225000,4.0087555000,4.0812757000,4.0067410500,11123312,224751733.9900,2,1.341244,1,1.860200,10.145594,1.647638,0.802870,16.431565
2012-09-13,sz.000338,4.0953768500,4.0973913000,3.9583942500,3.9684665000,4.0812757000,8891344,177258448.0700,2,1.072114,1,-2.764100,9.865163,1.602096,0.780678,15.977386
2012-09-14,sz.000338,4.0006977000,4.0671745500,3.8878885000,3.9765243000,3.9684665000,8598533,170242795.3500,2,1.036807,1,0.203000,9.885194,1.605349,0.782263,16.009827
2012-09-17,sz.000338,3.9886110000,3.9886110000,3.8455850500,3.8516284000,3.9765243000,7861113,152455004.0000,2,0.947889,1,-3.140800,9.574717,1.554928,0.757694,15.506986
2012-09-18,sz.000338,3.8274550000,3.8274550000,3.7468770000,3.7569492500,3.8516284000,5665566,106529542.0800,2,0.683151,1,-2.458200,9.339355,1.516705,0.739068,15.125799
2012-09-19,sz.000338,3.7629926000,3.8234261000,3.7589637000,3.8052960500,3.7569492500,4228686,79473748.4100,2,0.509893,1,1.286900,9.459540,1.536223,0.748579,15.320448
2012-09-20,sz.000338,3.7831371000,3.7831371000,3.6058655000,3.6058655000,3.8052960500,6219484,114091434.5700,2,0.749942,1,-5.240900,8.963778,1.455712,0.709347,14.517523
2012-09-21,sz.000338,3.6098944000,3.7126313500,3.5897499000,3.6300389000,3.6058655000,4545321,82676087.9600,2,0.548073,1,0.670400,9.023870,1.465471,0.714102,14.614847
2012-09-24,sz.000338,3.6421256000,3.7710504000,3.5776632000,3.7408336500,3.6300389000,6142624,112925861.1700,2,0.740675,1,3.052200,9.299293,1.510199,0.735898,15.060916
2012-09-25,sz.000338,3.7267325000,3.7408336500,3.6159377500,3.6401111500,3.7408336500,4551356,82988900.3100,2,0.548800,1,-2.692500,9.048909,1.469537,0.716084,14.655399
2012-09-26,sz.000338,3.6401111500,3.6642845500,3.5816921000,3.6199666500,3.6401111500,3697849,66418392.4500,2,0.445885,1,-0.553400,8.998832,1.461405,0.712121,14.574296
2012-09-27,sz.000338,3.6280244500,3.8475995000,3.6219811000,3.8073105000,3.6199666500,7715713,144019087.5700,2,0.930357,1,5.175300,9.464547,1.537037,0.748975,15.328558
2012-09-28,sz.000338,3.7670215000,3.9201197000,3.7468770000,3.8999752000,3.8073105000,9303920,177888006.1500,2,1.121862,1,2.433900,9.694902,1.574446,0.767204,15.701634
2012-10-08,sz.000338,3.9261630500,3.9382497500,3.8173827500,3.8435706000,3.8999752000,5439164,104146001.9000,2,0.655852,1,-1.446300,9.554686,1.551675,0.756108,15.474544
2012-10-09,sz.000338,3.8798307000,3.9805532000,3.8717729000,3.9664520500,3.8435706000,8669386,169828323.1400,2,1.045351,1,3.197100,9.860156,1.601283,0.780282,15.969275
2012-10-10,sz.000338,3.9463075500,3.9986832500,3.9301919500,3.9644376000,3.9664520500,5094406,100309913.4900,2,0.614281,1,-0.050800,9.855148,1.600470,0.779885,15.961165
2012-10-11,sz.000338,3.9463075500,3.9503364500,3.8778162500,3.8979607500,3.9644376000,5823738,113073663.5900,2,0.702224,1,-1.676800,9.689894,1.573633,0.766808,15.693524
2012-10-12,sz.000338,3.9241486000,3.9986832500,3.8838596000,3.9765243000,3.8979607500,9189983,180773401.1600,2,1.108124,1,2.015500,9.885194,1.605349,0.782263,16.009827
2012-10-15,sz.000338,3.9664520500,4.0107699500,3.9181052500,3.9785387500,3.9765243000,5358781,105438414.8500,2,0.646159,1,0.050700,9.890202,1.606163,0.782659,16.017938
2012-10-16,sz.000338,3.9583942500,4.0490445000,3.9503364500,4.0268855500,3.9785387500,7239055,144280261.4500,2,0.872882,1,1.215200,10.010386,1.625680,0.792170,16.212586
2012-10-17,sz.000338,4.0470300500,4.0651601000,3.9785387500,3.9946543500,4.0268855500,5277041,105233597.1200,2,0.636303,1,-0.800400,9.930263,1.612668,0.785830,16.082820
2012-10-18,sz.000338,4.0149007800,4.1667502800,4.0108514600,4.1667502800,3.9946541800,13255779,269122730.5200,2,1.598376,1,4.308200,10.305841,1.673662,0.815551,16.691096
2012-10-19,sz.000338,4.1890215400,4.5251151000,4.1890215400,4.3084764800,4.1667502800,22515764,485923534.1100,2,2.714940,1,3.401364,10.656379,1.730589,0.843291,17.258821
2012-10-22,sz.000338,4.2720326000,4.4137588000,4.2335640600,4.3894628800,4.3084764800,9523020,204867484.0500,2,1.148281,1,1.879700,10.856687,1.763119,0.859142,17.583235
2012-10-23,sz.000338,4.3914875400,4.4319807400,4.2517860000,4.2679832800,4.3894628800,8629419,183840662.5200,2,1.040531,1,-2.767500,10.556225,1.714324,0.835365,17.096614
2012-10-24,sz.000338,4.2011695000,4.4137588000,4.1930708600,4.3428957000,4.2679832800,9759813,208134979.2000,2,1.176834,1,1.755200,10.741510,1.744414,0.850028,17.396697
2012-10-25,sz.000338,4.3489696800,4.3651669600,4.1019611600,4.1201831000,4.3428957000,11077037,230192440.3800,2,1.335664,1,-5.128200,10.190664,1.654957,0.806436,16.504558
2012-10-26,sz.000338,4.1161337800,4.1505530000,3.9845308800,4.0250240800,4.1201831000,8443199,168454925.2100,2,1.018077,1,-2.309600,9.955302,1.616735,0.787811,16.123372
2012-10-29,sz.000338,3.9804815600,3.9966788400,3.8772239000,3.9399883600,4.0250240800,6897150,134283507.2700,2,0.831655,1,-2.112700,11.361763,1.564528,0.792286,54.178347
2012-10-30,sz.000338,3.9278404000,4.0655172800,3.9177171000,4.0108514600,3.9399883600,6280597,124400265.1000,2,0.757311,1,1.798600,11.566111,1.592667,0.806535,55.152778
2012-10-31,sz.000338,4.0088268000,4.0594433000,3.9804815600,4.0432460200,4.0108514600,4262693,84624929.3700,2,0.513994,1,0.807700,11.659528,1.605530,0.813049,55.598232
2012-11-01,sz.000338,4.0493200000,4.1950955200,4.0452706800,4.1829475600,4.0432460200,9741806,199020948.0700,2,1.174662,1,3.455200,12.062386,1.661004,0.841142,57.519253
2012-11-02,sz.000338,4.1849722200,4.3084764800,4.1829475600,4.2720326000,4.1829475600,13779211,289927336.6300,2,1.661491,1,2.129700,12.319281,1.696379,0.859056,58.744251
2012-11-05,sz.000338,4.2720326000,4.3428957000,4.2315394000,4.3185997800,4.2720326000,9508153,202507029.6400,2,1.146489,1,1.090000,12.453567,1.714870,0.868420,59.384591
2012-11-06,sz.000338,4.3084764800,4.3084764800,4.1525776600,4.2416627000,4.3185997800,7563696,157487322.1100,2,0.912027,1,-1.781500,12.231703,1.684319,0.852949,58.326638
2012-11-07,sz.000338,4.2193914400,4.2760819200,4.2052188200,4.2153421200,4.2416627000,5557018,116314596.1100,2,0.670063,1,-0.620500,12.155802,1.673868,0.847656,57.964707
2012-11-08,sz.000338,4.1606763000,4.1930708600,4.0351473800,4.0452706800,4.2153421200,5498404,112316941.1200,2,0.662995,1,-4.034600,11.665366,1.606334,0.813457,55.626073
2012-11-09,sz.000338,4.0331227200,4.1505530000,4.0088268000,4.1161337800,4.0452706800,5794494,117273003.5200,2,0.698697,1,1.751800,11.869714,1.634473,0.827706,56.600504
2012-11-12,sz.000338,4.1262570800,4.2436873600,4.1262570800,4.2072434800,4.1161337800,5867530,121754473.7100,2,0.707504,1,2.213500,12.132448,1.670652,0.846027,57.853343
2012-11-13,sz.000338,4.1546023200,4.2274900800,4.1546023200,4.1546023200,4.2072434800,6274588,129838172.0900,2,0.756587,1,-1.251200,11.980646,1.649748,0.835442,57.129480
2012-11-14,sz.000338,4.1485283400,4.2295147400,4.1262570800,4.2274900800,4.1546023200,6012360,124451592.0000,2,0.724968,1,1.754400,12.190833,1.678691,0.850099,58.131752
2012-11-15,sz.000338,4.2011695000,4.2416627000,4.1303064000,4.1444790200,4.2274900800,5099474,105497353.5300,2,0.614892,1,-1.963600,11.951454,1.645729,0.833406,56.990276
2012-11-16,sz.000338,4.1120844600,4.1606763000,4.0655172800,4.1222077600,4.1444790200,3803329,77163258.0000,2,0.458604,1,-0.537400,11.887230,1.636885,0.828928,56.684026
2012-11-19,sz.000338,4.1242324200,4.2153421200,4.0958871800,4.2031941600,4.1222077600,4588547,94304564.9300,2,0.553285,1,1.964600,12.120771,1.669044,0.845213,57.797661
2012-11-20,sz.000338,4.2315394000,4.2902545400,4.2092681400,4.2517860000,4.2031941600,8692736,182903683.9300,2,1.048166,1,1.156100,12.260895,1.688339,0.854984,58.465842
2012-11-21,sz.000338,4.2477366800,4.4137588000,4.2416627000,4.4137588000,4.2517860000,10768912,230648806.7000,2,1.298510,1,3.809500,12.727977,1.752657,0.887555,60.693113
2012-11-22,sz.000338,4.3935122000,4.4380547200,4.3347970600,4.3712409400,4.4137588000,7579144,164455518.1200,2,0.913890,1,-0.963300,12.605368,1.735773,0.879005,60.108454
2012-11-23,sz.000338,4.3833889000,4.5149918000,4.3833889000,4.4542520000,4.3712409400,9512842,209978896.4700,2,1.147054,1,1.899000,12.844748,1.768736,0.895698,61.249930
2012-11-26,sz.000338,4.4299560800,4.4805725800,4.3530190000,4.3611176400,4.4542520000,5978313,130420369.1800,2,0.720862,1,-2.090900,12.576176,1.731754,0.876970,59.969250
2012-11-27,sz.000338,4.3611176400,4.3833889000,4.2335640600,4.2517860000,4.3611176400,6430508,136137580.5300,2,0.775388,1,-2.507000,12.260895,1.688339,0.854984,58.465842
2012-11-28,sz.000338,4.2436873600,4.2558353200,4.1505530000,4.2396380400,4.2517860000,5597172,116503211.3100,2,0.674904,1,-0.285700,12.225864,1.683515,0.852542,58.298797
2012-11-29,sz.000338,4.2396380400,4.3935122000,4.2376133800,4.3388463800,4.2396380400,6008493,128507233.8900,2,0.724501,1,2.340000,12.511952,1.722910,0.872491,59.663000
2012-11-30,sz.000338,4.3145504600,4.4947452000,4.3145504600,4.4684246200,4.3388463800,9525511,209125449.1800,2,1.148582,1,2.986500,12.885617,1.774364,0.898548,61.444816
2012-12-03,sz.000338,4.4704492800,4.5716822800,4.4198327800,4.5048685000,4.4684246200,16270019,364755203.1300,2,1.961831,1,0.815600,12.990711,1.788835,0.905876,61.945952
2012-12-04,sz.000338,4.4542520000,4.7174578000,4.4400793800,4.6972112000,4.5048685000,13812106,313060893.2800,2,1.665457,1,4.269700,13.545370,1.865213,0.944554,64.590835
2012-12-05,sz.000338,4.6830385800,4.8895539000,4.6546933400,4.8166661400,4.6972112000,19730029,466715425.6000,2,2.379038,1,2.543100,13.889843,1.912647,0.968575,66.233447
2012-12-06,sz.000338,4.8186908000,4.9098005000,4.7174578000,4.7559263400,4.8166661400,9914796,234030317.1800,2,1.195521,1,-1.261000,13.714687,1.888528,0.956361,65.398221
2012-12-07,sz.000338,4.7539016800,4.9381457400,4.6607673200,4.9280224400,4.7559263400,17159123,411542096.5100,2,2.069039,1,3.618600,14.210962,1.956865,0.990968,67.764695
2012-12-10,sz.000338,4.9340964200,4.9604170000,4.8652579800,4.8895539000,4.9280224400,10584918,256885397.9800,2,1.276324,1,-0.780600,14.100030,1.941590,0.983232,67.235719
2012-12-11,sz.000338,4.8794306000,4.8834799200,4.7397290600,4.7579510000,4.8895539000,8613630,203939975.8000,2,1.038628,1,-2.691500,13.720526,1.889332,0.956768,65.426062
2012-12-12,sz.000338,4.7377044000,4.9118251600,4.7377044000,4.9077758400,4.7579510000,7483198,178752814.9700,2,0.902321,1,3.148900,14.152576,1.948826,0.986896,67.486287
2012-12-13,sz.000338,4.9057511800,4.9057511800,4.8004688600,4.8389374000,4.9077758400,4839895,115851656.3800,2,0.583592,1,-1.402600,13.954067,1.921491,0.973054,66.539697
2012-12-14,sz.000338,4.8389374000,5.1284637800,4.8389374000,5.0920199000,4.8389374000,14629573,364236677.2700,2,1.764027,1,5.230100,14.683882,2.021987,1.023946,70.019807
2012-12-17,sz.000338,5.0960692200,5.2580420200,4.9907869000,5.1223898000,5.0920199000,15891282,401418510.8100,2,1.916163,1,0.596400,14.771460,2.034047,1.030053,70.437420
2012-12-18,sz.000338,5.1142911600,5.2195734800,5.0231814600,5.1244144600,5.1223898000,12409365,313663042.9200,2,1.496315,1,0.039500,14.777298,2.034851,1.030460,70.465261
2012-12-19,sz.000338,5.1061925200,5.1588336800,5.0515267000,5.1304884400,5.1244144600,8892111,224016761.2400,2,1.072207,1,0.118500,14.794814,2.037262,1.031681,70.548783
2012-12-20,sz.000338,5.1001185400,5.1001185400,4.9604170000,5.0474773800,5.1304884400,8645699,214794877.7000,2,1.042494,1,-1.618000,14.555434,2.004300,1.014989,69.407307
2012-12-21,sz.000338,5.0454527200,5.1345377600,4.9887622400,5.0130581600,5.0474773800,8378124,209497470.8800,2,1.010230,1,-0.681900,14.456180,1.990632,1.008067,68.934012
2012-12-24,sz.000338,5.0231814600,5.0555760200,4.9421950600,4.9806636000,5.0130581600,7904994,194862293.3700,2,0.953181,1,-0.646200,14.362763,1.977769,1.001553,68.488558
2012-12-25,sz.000338,4.9523183600,5.2033762000,4.9199238000,5.1811049400,4.9806636000,12658988,320514301.7500,2,1.526415,1,4.024400,14.940777,2.057362,1.041860,71.244805
2012-12-26,sz.000338,5.1770556200,5.2843626000,5.1446610600,5.1831296000,5.1811049400,9725682,249686789.7300,2,1.172718,1,0.039100,14.946615,2.058166,1.042267,71.272646
2012-12-27,sz.000338,5.2438694000,5.2600666800,5.0373540800,5.0636746600,5.1831296000,9175501,231823574.0600,2,1.106378,1,-2.304700,14.602143,2.010731,1.018246,69.630034
2012-12-28,sz.000338,5.0616500000,5.1487103800,5.0009102000,5.0839212600,5.0636746600,7879222,196841184.4500,2,0.950073,1,0.399800,14.660528,2.018771,1.022317,69.908443
2012-12-31,sz.000338,5.1183404800,5.2377954200,5.0656993200,5.1244144600,5.0839212600,9021769,228749828.9900,2,1.087841,1,0.796500,14.777298,2.034851,1.030460,70.465261
2013-01-04,sz.000338,5.2863872600,5.2884119200,5.0818966000,5.1446610600,5.1244144600,11855842,302253020.6700,2,1.429572,1,0.395100,14.835683,2.042890,1.034531,70.743669
2013-01-07,sz.000338,5.1223898000,5.1608583400,4.9604170000,5.0717733000,5.1446610600,14526626,362749194.6800,2,1.751614,1,-1.416800,14.625497,2.013947,1.019874,69.741398
2013-01-08,sz.000338,5.0576006800,5.0576006800,4.9482690400,4.9907869000,5.0717733000,10768870,265684559.0400,2,1.298505,1,-1.596800,14.391956,1.981788,1.003589,68.627763
2013-01-09,sz.000338,4.9867375800,5.0373540800,4.9280224400,4.9705403000,4.9907869000,12855057,315649305.7200,2,1.550057,1,-0.405700,14.333571,1.973749,0.999517,68.349354
2013-01-10,sz.000338,4.9867375800,5.1385870800,4.9847129200,5.0818966000,4.9705403000,13775653,344551800.4900,2,1.661062,1,2.240300,14.654689,2.017967,1.021910,69.880602
2013-01-11,sz.000338,5.0839212600,5.1223898000,4.8389374000,4.8389374000,5.0818966000,14337695,352047942.8700,2,1.728833,1,-4.780900,13.954067,1.921491,0.973054,66.539697
2013-01-14,sz.000338,4.8389374000,5.0130581600,4.7984442000,5.0009102000,4.8389374000,14447081,350898946.9700,2,1.742022,1,3.347300,14.421148,1.985808,1.005624,68.766967
2013-01-15,sz.000338,5.0414034000,5.0414034000,4.8591840000,4.9401704000,5.0009102000,18763023,457846257.6000,2,2.262437,1,-1.214600,14.245993,1.961689,0.993410,67.931741
2013-01-16,sz.000338,4.9381457400,4.9988855400,4.8713319600,4.9664909800,4.9401704000,13830076,337554972.8800,2,1.667624,1,0.532800,14.321894,1.972141,0.998703,68.293672
2013-01-17,sz.000338,4.9563676800,4.9563676800,4.8186908000,4.8672826400,4.9664909800,9505657,229084838.9600,2,1.146188,1,-1.997600,14.035806,1.932746,0.978754,66.929469
2013-01-18,sz.000338,4.9098005000,4.9340964200,4.8591840000,4.9077758400,4.8672826400,9128080,220934699.2200,2,1.100660,1,0.831900,14.152576,1.948826,0.986896,67.486287
2013-01-21,sz.000338,4.9118251600,5.0596253400,4.8632333200,5.0292554400,4.9077758400,15139944,374052361.4700,2,1.825567,1,2.475200,14.502888,1.997064,1.011324,69.156739
2013-01-22,sz.000338,5.0312801000,5.0960692200,4.8895539000,4.9320717600,5.0292554400,14957778,370261739.6700,2,1.803602,1,-1.932400,14.222639,1.958473,0.991782,67.820377
2013-01-23,sz.000338,4.8875292400,4.9482690400,4.8186908000,4.8915785600,4.9320717600,7757924,187115308.3400,2,0.935447,1,-0.821000,14.105868,1.942394,0.983639,67.263560
2013-01-24,sz.000338,4.8936032200,4.9583923400,4.7539016800,4.7862962400,4.8915785600,12541481,300429205.5700,2,1.512246,1,-2.152300,13.802265,1.900587,0.962468,65.815834
2013-01-25,sz.000338,4.7721236200,4.7842715800,4.6688659600,4.6749399400,4.7862962400,10367025,241185333.8400,2,1.250051,1,-2.326600,13.481146,1.856369,0.940076,64.284586
2013-01-28,sz.000338,4.6729152800,4.8733566200,4.6729152800,4.8733566200,4.6749399400,11925908,283750793.7100,2,1.438020,1,4.244300,14.053322,1.935158,0.979975,67.012992
2013-01-29,sz.000338,4.8753812800,4.9482690400,4.8632333200,4.8794306000,4.8733566200,10634114,257807124.2100,2,1.282257,1,0.124600,14.070837,1.937570,0.981196,67.096514
2013-01-30,sz.000338,4.8794306000,5.0312801000,4.8794306000,5.0009102000,4.8794306000,13073841,321577455.3700,2,1.576438,1,2.489600,14.421148,1.985808,1.005624,68.766967
2013-01-31,sz.000338,5.0130581600,5.0414034000,4.9219484600,4.9624416600,5.0009102000,7392103,180969487.1200,2,0.891336,1,-0.769200,14.310216,1.970533,0.997889,68.237990
2013-02-01,sz.000338,4.9604170000,5.1547843600,4.9098005000,5.1365624200,4.9624416600,19150091,478569270.1100,2,2.309109,1,3.508800,14.812329,2.039674,1.032903,70.632306
2013-02-04,sz.000338,5.1426364000,5.3612996800,5.1426364000,5.3329544400,5.1365624200,30140568,788699737.5900,2,3.634336,1,3.823400,15.378666,2.117660,1.072395,73.332871
2013-02-05,sz.000338,5.3309297800,5.4503847200,5.2944859000,5.3977435600,5.3329544400,19197043,510691250.8100,2,2.314771,1,1.214900,15.565499,2.143387,1.085423,74.223779
2013-02-06,sz.000338,5.3855956000,5.4868286000,5.3491517200,5.4058422000,5.3977435600,15801988,424380850.3600,2,1.905396,1,0.150000,15.588853,2.146603,1.087052,74.335143
2013-02-07,sz.000338,5.4058422000,5.5171985000,5.3673736600,5.4827792800,5.4058422000,13173046,355558319.0000,2,1.588400,1,1.423200,15.810717,2.177153,1.102523,75.393096
2013-02-08,sz.000338,5.4848039400,5.8269714800,5.4827792800,5.7216891600,5.4827792800,16113597,453970015.1500,2,1.942970,1,4.357500,16.499662,2.272022,1.150565,78.678319
2013-02-18,sz.000338,5.7662316800,5.8168481800,5.5597163600,5.5779383000,5.7216891600,12123038,336632524.5500,2,1.461790,1,-2.512400,16.085127,2.214940,1.121658,76.701617
2013-02-19,sz.000338,5.5070752000,5.5070752000,5.2236228000,5.2863872600,5.5779383000,17464196,460332419.8900,2,2.105825,1,-5.226900,15.244380,2.099168,1.063031,72.692531
2013-02-20,sz.000338,5.2620913400,5.3653490000,5.2256474600,5.3167571600,5.2863872600,8903116,232948687.3500,2,1.073534,1,0.574500,15.331958,2.111228,1.069138,73.110144
2013-02-21,sz.000338,5.2762639600,5.2803132800,4.9361210800,5.0312801000,5.3167571600,18889948,472460087.6900,2,2.277741,1,-5.369400,14.508726,1.997868,1.011731,69.184580
2013-02-22,sz.000338,4.9806636000,5.0717733000,4.9482690400,4.9847129200,5.0312801000,8203537,202612058.2800,2,0.989179,1,-0.925600,14.374440,1.979377,1.002367,68.544240
2013-02-25,sz.000338,5.0150828200,5.1446610600,4.9907869000,5.0029348600,4.9847129200,7954653,198772640.9400,2,0.959168,1,0.365600,14.426987,1.986612,1.006032,68.794808
2013-02-26,sz.000338,5.0029348600,5.0737979600,4.8895539000,4.9320717600,5.0029348600,11003187,272069480.8700,2,1.326759,1,-1.416400,14.222639,1.958473,0.991782,67.820377
2013-02-27,sz.000338,4.9502937000,5.0515267000,4.9502937000,5.0069841800,4.9320717600,5822851,143521447.9000,2,0.702117,1,1.518900,14.438664,1.988220,1.006846,68.850490
2013-02-28,sz.000338,5.0252061200,5.1811049400,5.0252061200,5.1750309600,5.0069841800,10674680,270096004.3900,2,1.287148,1,3.356200,14.923261,2.054950,1.040638,71.161282
2013-03-01,sz.000338,5.2013515400,5.2033762000,5.0414034000,5.0920199000,5.1750309600,9666609,244221935.8400,2,1.165595,1,-1.604100,14.683882,2.021987,1.023946,70.019807
2013-03-04,sz.000338,5.0211568000,5.0312801000,4.6708906200,4.7053098400,5.0920199000,21049941,499483354.7400,2,2.538192,1,-7.594400,13.568724,1.868429,0.946183,64.702199
2013-03-05,sz.000338,4.7134084800,4.7700989600,4.5919288800,4.7215071200,4.7053098400,14705825,339816424.8600,2,1.773222,1,0.344200,13.615432,1.874860,0.949440,64.924926
2013-03-06,sz.000338,4.7397290600,4.7620003200,4.6182494600,4.6972112000,4.7215071200,10045448,232344992.1900,2,1.211275,1,-0.514600,13.545370,1.865213,0.944554,64.590835
2013-03-07,sz.000338,4.6972112000,4.8328634200,4.6627919800,4.7680743000,4.6972112000,10379352,244181350.2000,2,1.251537,1,1.508600,13.749718,1.893352,0.958804,65.565266
2013-03-08,sz.000338,4.7781976000,4.8531100200,4.7356797400,4.7599756600,4.7680743000,5858754,138676511.7700,2,0.706446,1,-0.169900,13.726364,1.890136,0.957175,65.453903
2013-03-11,sz.000338,4.7599756600,4.7620003200,4.6162248000,4.6870879000,4.7599756600,5540583,127985375.7100,2,0.668081,1,-1.531300,13.516178,1.861193,0.942518,64.451631
2013-03-12,sz.000338,4.6870879000,4.7680743000,4.5838302400,4.6222987800,4.6870879000,6892632,158491154.7000,2,0.831110,1,-1.382300,13.329345,1.835466,0.929490,63.560723
2013-03-13,sz.000338,4.6142001400,4.6162248000,4.4319807400,4.4340054000,4.6222987800,9345086,207062393.9200,2,1.126826,1,-4.073600,12.786362,1.760696,0.891627,60.971521
2013-03-14,sz.000338,4.4137588000,4.5210657800,4.3935122000,4.4036355000,4.4340054000,7582323,166671805.4700,2,0.914273,1,-0.684900,12.698785,1.748637,0.885520,60.553908
2013-03-15,sz.000338,4.4157834600,4.5797809200,4.3752902600,4.4886712200,4.4036355000,10867819,241973679.9600,2,1.310437,1,1.931000,12.944002,1.782404,0.902619,61.723225
2013-03-18,sz.000338,4.4603259800,4.5554850000,4.4299560800,4.4785479200,4.4886712200,5161546,114254016.0000,2,0.622377,1,-0.225500,12.914810,1.778384,0.900584,61.584021
2013-03-19,sz.000338,4.5251151000,4.5494110200,4.4825972400,4.5149918000,4.4785479200,5129581,114335152.0000,2,0.618522,1,0.813700,13.019903,1.792855,0.907912,62.085156
2013-03-20,sz.000338,4.5170164600,4.6972112000,4.5170164600,4.6931618800,4.5149918000,8568065,196841728.0000,2,1.033133,1,3.946200,13.533693,1.863605,0.943740,64.535154
2013-03-21,sz.000338,4.6972112000,4.7377044000,4.6546933400,4.6830385800,4.6931618800,6625303,153417232.0000,2,0.798876,1,-0.215700,13.504500,1.859585,0.941704,64.395949
2013-03-22,sz.000338,4.6789892600,4.6789892600,4.4947452000,4.5818055800,4.6830385800,10122865,228093968.0000,2,1.220610,1,-2.161700,15.126855,1.819283,0.939354,57.872715
2013-03-25,sz.000338,4.6000275200,4.6364714000,4.5291644200,4.5514356800,4.5818055800,5287891,119295416.0000,2,0.637611,1,-0.662800,15.026589,1.807224,0.933128,57.489114
2013-03-26,sz.000338,4.5352384000,4.5352384000,4.4157834600,4.5109424800,4.5514356800,5276356,116672480.0000,2,0.636221,1,-0.889700,14.892900,1.791145,0.924826,56.977645
2013-03-27,sz.000338,4.5149918000,4.5453617000,4.4502026800,4.4744986000,4.5109424800,4413796,98007368.0000,2,0.532213,1,-0.807900,14.772581,1.776675,0.917355,56.517323
2013-03-28,sz.000338,4.4340054000,4.5109424800,4.3287230800,4.3327724000,4.4744986000,7552200,163165856.0000,2,0.910641,1,-3.167400,14.304671,1.720400,0.888298,54.727181
2013-03-29,sz.000338,4.3287230800,4.3955368600,4.3084764800,4.3307477400,4.3327724000,4358456,93497264.0000,2,0.525541,1,-0.046700,14.297986,1.719596,0.887883,54.701608
2013-04-01,sz.000338,4.2922792000,4.3165751200,4.1910462000,4.1971201800,4.3307477400,6946690,145098016.0000,2,0.837629,1,-3.085600,13.856814,1.666537,0.860487,53.013760
2013-04-02,sz.000338,4.1971201800,4.3226491000,4.1667502800,4.2234407600,4.1971201800,8816905,184133840.0000,2,1.063138,1,0.627100,13.943712,1.676988,0.865883,53.346215
2013-04-03,sz.000338,4.2396380400,4.2841805600,4.1424543600,4.2315394000,4.2234407600,5519787,114813512.0000,2,0.665573,1,0.191700,13.970449,1.680204,0.867543,53.448509
2013-04-08,sz.000338,4.1505530000,4.2902545400,4.1384050400,4.2760819200,4.2315394000,5097864,106324416.0000,2,0.614698,1,1.052600,14.117507,1.697890,0.876675,54.011125
2013-04-09,sz.000338,4.2922792000,4.4421040400,4.2517860000,4.3084764800,4.2760819200,11378512,245452336.0000,2,1.372016,1,0.757600,14.224458,1.710753,0.883317,54.420300
2013-04-10,sz.000338,4.3226491000,4.4218574400,4.2720326000,4.4157834600,4.3084764800,9046546,196291904.0000,2,1.090828,1,2.490600,14.578732,1.753361,0.905317,55.775693
2013-04-11,sz.000338,4.4502026800,4.6911372200,4.4421040400,4.6486193600,4.4157834600,17857606,405888960.0000,2,2.153262,1,5.272800,15.347441,1.845812,0.953052,58.716639
2013-04-12,sz.000338,4.6567180000,4.8065428400,4.6567180000,4.6810139200,4.6486193600,15510848,362632096.0000,2,1.870291,1,0.696872,15.454392,1.858675,0.959694,59.125814
2013-04-15,sz.000338,4.6911372200,4.6911372200,4.5352384000,4.5838302400,4.6810139200,8237519,186662576.0000,2,0.993276,1,-2.076100,15.133539,1.820086,0.939770,57.898289
2013-04-16,sz.000338,4.5190411200,4.6324220800,4.4886712200,4.6324220800,4.5838302400,6924591,155756464.0000,2,0.834964,1,1.060070,15.293966,1.839381,0.949732,58.512052
2013-04-17,sz.000338,4.5919288800,4.7397290600,4.5919288800,4.7356797400,4.6324220800,8706702,201972256.0000,2,1.049850,1,2.229000,15.634871,1.880381,0.970901,59.816297
2013-04-18,sz.000338,4.7073345000,4.8328634200,4.5757316000,4.5757316000,4.7356797400,11789503,276307840.0000,2,1.421573,1,-3.377500,15.106802,1.816871,0.938109,57.795995
2013-04-19,sz.000338,4.5757316000,4.7498523600,4.5757316000,4.7174578000,4.5757316000,9507724,220880272.0000,2,1.146437,1,3.097340,15.574712,1.873146,0.967166,59.586136
2013-04-22,sz.000338,4.7194824600,4.8774059400,4.7194824600,4.8632333200,4.7174578000,10598256,251982368.0000,2,1.277933,1,3.090100,16.055990,1.931028,0.997052,61.427425
2013-04-23,sz.000338,4.8389374000,4.8591840000,4.6445700400,4.6668413000,4.8632333200,9590766,224137968.0000,2,1.156450,1,-4.038300,15.407601,1.853047,0.956788,58.946800
2013-04-24,sz.000338,4.6405207200,4.7842715800,4.6303974200,4.7235317800,4.6668413000,6456328,150002704.0000,2,0.778501,1,1.214800,15.594765,1.875557,0.968411,59.662857
2013-04-25,sz.000338,4.7134084800,4.8227401200,4.6567180000,4.6729152800,4.7235317800,5819319,135952480.0000,2,0.701691,1,-1.071600,15.427654,1.855459,0.958034,59.023521
2013-04-26,sz.000338,4.7417537200,4.7943948800,4.4319807400,4.4461533600,4.6729152800,9699258,217396528.0000,2,1.169532,1,-4.852690,14.678999,1.765420,0.911543,56.159294
2013-05-02,sz.000338,4.4461533600,4.4461533600,4.2902545400,4.3651669600,4.4461533600,4837684,104134384.0000,2,0.583326,1,-1.821500,15.509394,1.685084,0.902047,14.782117
2013-05-03,sz.000338,4.3793395800,4.5291644200,4.3793395800,4.4461533600,4.3651669600,7576434,167727968.0000,2,0.913563,1,1.855286,15.797138,1.716347,0.918782,15.056368
2013-05-06,sz.000338,4.4744986000,4.5757316000,4.4643753000,4.5251151000,4.4461533600,6139156,136961184.0000,2,0.740257,1,1.776000,16.077688,1.746828,0.935099,15.323762
2013-05-07,sz.000338,4.5048685000,4.5413123800,4.4866465600,4.4967698600,4.5251151000,4905955,109351152.0000,2,0.591558,1,-0.626400,15.976978,1.735886,0.929242,15.227775
2013-05-08,sz.000338,4.5413123800,4.6870879000,4.5271397600,4.6263481000,4.4967698600,7527745,171836912.0000,2,0.907692,1,2.881600,16.437368,1.785907,0.956019,15.666576
2013-05-09,sz.000338,4.6324220800,4.6830385800,4.5453617000,4.6162248000,4.6263481000,7180293,163720208.0000,2,0.865796,1,-0.218800,16.401400,1.781999,0.953927,15.632295
2013-05-10,sz.000338,4.5757316000,4.6769646000,4.5757316000,4.6303974200,4.6162248000,5748169,131470648.0000,2,0.693112,1,0.307000,16.451755,1.787470,0.956856,15.680289
2013-05-13,sz.000338,4.6749399400,4.6749399400,4.5757316000,4.5980028600,4.6303974200,4446089,101186384.0000,2,0.536107,1,-0.699600,16.336658,1.774965,0.950161,15.570588
2013-05-14,sz.000338,4.5757316000,4.6222987800,4.3368217200,4.4886712200,4.5980028600,12962929,283701152.0000,2,1.563064,1,-2.377800,15.948203,1.732760,0.927568,15.200350
2013-05-15,sz.000338,4.4785479200,4.4846219000,4.3692162800,4.4056601600,4.4886712200,6515576,141792832.0000,2,0.785645,1,-1.849300,15.653266,1.700715,0.910414,14.919243
2013-05-16,sz.000338,4.4056601600,4.5352384000,4.4056601600,4.5210657800,4.4056601600,7232839,160457984.0000,2,0.872132,1,2.619500,16.063301,1.745265,0.934263,15.310050
2013-05-17,sz.000338,4.5332137400,4.5980028600,4.4663999600,4.5899042200,4.5210657800,9263494,208424928.0000,2,1.116988,1,1.522600,16.307883,1.771839,0.948488,15.543163
2013-05-20,sz.000338,4.6769646000,4.8389374000,4.6769646000,4.7862962400,4.5899042200,13917397,328196640.0000,2,1.621923,1,4.278800,17.005662,1.847652,0.989071,16.208221
2013-05-21,sz.000338,4.7862962400,4.8186908000,4.6931618800,4.7862962400,4.7862962400,8616493,202292096.0000,2,1.038973,1,0.000000,17.005662,1.847652,0.989071,16.208221
2013-05-22,sz.000338,4.8024935200,4.8551346800,4.7275811000,4.8308387600,4.7862962400,8476092,200137040.0000,2,1.022043,1,0.930600,17.163921,1.864847,0.998276,16.359059
2013-05-23,sz.000338,4.7781976000,4.8227401200,4.6648166400,4.6951865400,4.8308387600,9067888,212349856.0000,2,1.093402,1,-2.808000,16.681950,1.812481,0.970244,15.899689
2013-05-24,sz.000338,4.7215071200,4.7700989600,4.6749399400,4.7255564400,4.6951865400,5594761,130465632.0000,2,0.674614,1,0.646800,16.789854,1.824205,0.976520,16.002533
2013-05-27,sz.000338,4.7073345000,4.7862962400,4.6972112000,4.7235317800,4.7255564400,8312887,194671136.0000,2,1.002364,1,-0.042800,16.782661,1.823423,0.976101,15.995677
2013-05-28,sz.000338,4.7235317800,4.8166661400,4.6870879000,4.8166661400,4.7235317800,10070298,236407328.0000,2,1.214272,1,1.971700,17.113566,1.859376,0.995347,16.311065
2013-05-29,sz.000338,4.8551346800,4.8774059400,4.7842715800,4.7903455600,4.8166661400,9373372,223337040.0000,2,1.130237,1,-0.546400,17.020049,1.849215,0.989908,16.221934
2013-05-30,sz.000338,4.7599756600,4.8227401200,4.7397290600,4.7559263400,4.7903455600,7520535,177367280.0000,2,0.906823,1,-0.718500,16.897758,1.835928,0.982796,16.105377
2013-05-31,sz.000338,4.7518770200,4.7943948800,4.6567180000,4.6648166400,4.7559263400,8476343,196335168.0000,2,1.022073,1,-1.915704,16.574046,1.800757,0.963968,15.796845
2013-06-03,sz.000338,4.6769646000,4.7194824600,4.6324220800,4.6384960600,4.6648166400,5144097,118433208.0000,2,0.620273,1,-0.564200,16.480530,1.790597,0.958529,15.707714
2013-06-04,sz.000338,4.6769646000,4.6769646000,4.5170164600,4.5595343200,4.6384960600,6358407,143810752.0000,2,0.766694,1,-1.702300,16.199979,1.760115,0.942212,15.440319
2013-06-05,sz.000338,4.5676329600,4.5959782000,4.5048685000,4.5554850000,4.5595343200,4566585,102249920.0000,2,0.550637,1,-0.088800,16.185592,1.758552,0.941375,15.426607
2013-06-06,sz.000338,4.5453617000,4.6506440200,4.5291644200,4.5595343200,4.5554850000,6011889,136104400.0000,2,0.724911,1,0.088900,16.199979,1.760115,0.942212,15.440319
2013-06-07,sz.000338,4.6020521800,4.6020521800,4.4076848200,4.4238821000,4.5595343200,6283793,138591568.0000,2,0.757697,1,-2.975100,15.718008,1.707749,0.914180,14.980949
2013-06-13,sz.000338,4.3651669600,4.3651669600,4.1505530000,4.1910462000,4.4238821000,8156203,169128672.0000,2,0.983471,1,-5.263200,14.890745,1.617868,0.866065,14.192478
2013-06-14,sz.000338,4.1910462000,4.2193914400,4.0472953400,4.1141091200,4.1910462000,12673434,256388752.0000,2,1.528157,1,-1.835700,14.617388,1.588168,0.850166,13.931940
2013-06-17,sz.000338,4.1100598000,4.1161337800,4.0229994200,4.0574186400,4.1141091200,8500827,170169920.0000,2,1.025026,1,-1.378000,14.415967,1.566284,0.838451,13.739964
2013-06-18,sz.000338,4.0756405800,4.1141091200,4.0391967000,4.0796899000,4.0574186400,10526940,212047488.0000,2,1.269334,1,0.548900,14.495097,1.574881,0.843054,13.815383
2013-06-19,sz.000338,4.0877885400,4.0877885400,3.9946541800,4.0391967000,4.0796899000,5569979,111005256.0000,2,0.671625,1,-0.992600,14.351225,1.559249,0.834686,13.678258
2013-06-20,sz.000338,4.0391967000,4.0877885400,3.9399883600,3.9480870000,4.0391967000,6949227,137579248.0000,2,0.837935,1,-2.255600,14.027513,1.524078,0.815858,13.369726
2013-06-21,sz.000338,3.8974705000,3.9298650600,3.8164841000,3.8954458400,3.9480870000,7656387,146815408.0000,2,0.923204,1,-1.333300,13.840480,1.503757,0.804980,13.191463
2013-06-24,sz.000338,3.8954458400,3.9055691400,3.5978208200,3.6160427600,3.8954458400,11043947,201755856.0000,2,1.331674,1,-7.172600,12.847763,1.395899,0.747243,12.245297
2013-06-25,sz.000338,3.6059194600,3.6059194600,3.2576779400,3.5229084000,3.6160427600,13742057,235313760.0000,2,1.657011,1,-2.575600,12.516858,1.359947,0.727997,11.929909
2013-06-26,sz.000338,3.6119934400,3.6342647000,3.5026618000,3.5897221800,3.5229084000,9657923,169711568.0000,2,1.164548,1,1.896600,12.754247,1.385739,0.741804,12.156166
2013-06-28,sz.000338,3.5026618000,3.6342647000,3.4520453000,3.5127851000,3.5897221800,8181782,143567584.0000,2,0.986555,1,-2.143300,12.480890,1.356039,0.725905,11.895628
2013-07-01,sz.000338,3.5127851000,3.5127851000,3.3406890000,3.4419220000,3.5127851000,9756707,164768448.0000,2,1.176459,1,-2.017300,12.229114,1.328684,0.711261,11.655658
2013-07-02,sz.000338,3.4479959800,3.5755495600,3.3791575400,3.5755495600,3.4419220000,12146569,208055088.0000,2,1.464628,1,3.882400,12.703891,1.380268,0.738875,12.108172
2013-07-03,sz.000338,3.5755495600,3.5755495600,3.4763412200,3.5006371400,3.5755495600,7248564,125945272.0000,2,0.874028,1,-2.095100,12.437728,1.351349,0.723394,11.854490
2013-07-04,sz.000338,3.4864645200,3.6079441200,3.4439466600,3.5573276200,3.5006371400,8873045,155970592.0000,2,1.069908,1,1.619400,12.639149,1.373234,0.735109,12.046466
2013-07-05,sz.000338,3.5654262600,3.6504619800,3.5532783000,3.5593522800,3.5573276200,6866414,122283560.0000,2,0.827949,1,0.056900,12.646343,1.374015,0.735528,12.053322
2013-07-08,sz.000338,3.5026618000,3.5208837400,3.3892808400,3.4216754000,3.5593522800,5477128,93473616.0000,2,0.660430,1,-3.868000,12.157178,1.320868,0.707077,11.587096
2013-07-09,sz.000338,3.4075027800,3.4662179200,3.4054781200,3.4216754000,3.4216754000,3113773,52865096.0000,2,0.375457,1,0.000000,12.157178,1.320868,0.707077,11.587096
2013-07-10,sz.000338,3.4216754000,3.5593522800,3.4196507400,3.5492289800,3.4216754000,5932265,102311600.0000,2,0.715310,1,3.727800,12.610375,1.370107,0.733436,12.019041
2013-07-11,sz.000338,3.5553029600,3.8387553600,3.5553029600,3.7375223600,3.5492289800,14094733,257406064.0000,2,1.699536,1,5.305200,13.279379,1.442794,0.772346,12.656674
2013-07-12,sz.000338,3.7395470200,3.8043361400,3.6443880000,3.6545113000,3.7375223600,7714454,141228512.0000,2,0.930205,1,-2.221000,12.984442,1.410749,0.755192,12.375567
2013-07-15,sz.000338,3.6626099400,3.7557443000,3.6626099400,3.6848812000,3.6545113000,7495439,137095808.0000,2,0.903797,1,0.831000,13.092346,1.422473,0.761468,12.478411
2013-07-16,sz.000338,3.6950045000,3.6950045000,3.5735249000,3.6302153800,3.6848812000,11176043,199327888.0000,2,1.347602,1,-1.483500,12.898118,1.401371,0.750171,12.293291
2013-07-17,sz.000338,3.6241414000,3.6403386800,3.5492289800,3.5634016000,3.6302153800,9786860,173324832.0000,2,1.180095,1,-1.840500,12.660730,1.375578,0.736365,12.067034
2013-07-18,sz.000338,3.5431550000,3.5431550000,3.4439466600,3.4682425800,3.5634016000,6994895,120222496.0000,2,0.843441,1,-2.670500,12.322631,1.338844,0.716700,11.744790
2013-07-19,sz.000338,3.4641932600,3.4986124800,3.3406890000,3.3548616200,3.4682425800,10099124,170697680.0000,2,1.217748,1,-3.269100,11.919789,1.295076,0.693270,11.360839
2013-07-22,sz.000338,3.3589109400,3.4176260800,3.3305657000,3.4095274400,3.3548616200,4298493,71860200.0000,2,0.518310,1,1.629500,12.114016,1.316178,0.704567,11.545958
2013-07-23,sz.000338,3.4297740400,3.6484373200,3.4237000600,3.6342647000,3.4095274400,12201210,213987808.0000,2,1.471216,1,6.591400,12.912506,1.402934,0.751008,12.307004
2013-07-24,sz.000338,3.6281907200,3.7132264400,3.5431550000,3.6180674200,3.6342647000,9257154,165499024.0000,2,1.116223,1,-0.445700,12.854957,1.396681,0.747661,12.252154
2013-07-25,sz.000338,3.6443880000,3.6808318800,3.5472043200,3.5553029600,3.6180674200,5702377,101070224.0000,2,0.687590,1,-1.734800,12.631955,1.372452,0.734691,12.039609
2013-07-26,sz.000338,3.5431550000,3.6200920800,3.5107604400,3.5897221800,3.5553029600,5058302,89463912.0000,2,0.609928,1,0.968100,12.754247,1.385739,0.741804,12.156166
2013-07-29,sz.000338,3.5634016000,3.5634016000,3.4763412200,3.5107604400,3.5897221800,4384527,75919152.0000,2,0.528684,1,-2.199700,12.473696,1.355257,0.725486,11.888771
2013-07-30,sz.000338,3.5350563600,3.6261660600,3.5127851000,3.5735249000,3.5107604400,4952068,87333656.0000,2,0.597118,1,1.787800,12.696698,1.379486,0.738456,12.101316
2013-07-31,sz.000338,3.6200920800,3.6585606200,3.5492289800,3.5613769400,3.5735249000,4408515,78435168.0000,2,0.531577,1,-0.339900,12.653536,1.374797,0.735946,12.060178
2013-08-01,sz.000338,3.6221167400,3.6686839200,3.5836482000,3.6362893600,3.5613769400,6496595,116589336.0000,2,0.783356,1,2.103500,12.919699,1.403715,0.751427,12.313860
2013-08-02,sz.000338,3.6808318800,3.6909551800,3.6362893600,3.6646346000,3.6362893600,8132137,147530112.0000,2,0.980569,1,0.779500,13.020410,1.414657,0.757284,12.409848
2013-08-05,sz.000338,3.6646346000,3.6889305200,3.6200920800,3.6848812000,3.6646346000,4662794,84200600.0000,2,0.562238,1,0.552500,13.092346,1.422473,0.761468,12.478411
2013-08-06,sz.000338,3.6869058600,3.7618182800,3.6322400400,3.7354977000,3.6848812000,9714883,177580464.0000,2,1.171416,1,1.373600,13.272186,1.442013,0.771928,12.649817
2013-08-07,sz.000338,3.7253744000,3.7840895400,3.6950045000,3.6970291600,3.7354977000,7378622,136145520.0000,2,0.889711,1,-1.029800,13.135507,1.427163,0.763978,12.519548
2013-08-08,sz.000338,3.7334730400,3.7476456600,3.6646346000,3.6990538200,3.6970291600,4838295,88441200.0000,2,0.583399,1,0.054800,13.142701,1.427944,0.764397,12.526405
2013-08-09,sz.000338,3.7253744000,3.7597936200,3.6666592600,3.7476456600,3.6990538200,6534449,120486368.0000,2,0.787921,1,1.313600,13.315347,1.446702,0.774438,12.690955
2013-08-12,sz.000338,3.7496703200,3.8974705000,3.7456210000,3.8853225400,3.7476456600,9852325,187733712.0000,2,1.187989,1,3.673700,13.804512,1.499849,0.802888,13.157181
2013-08-13,sz.000338,3.9015198200,4.0371720400,3.9015198200,3.9946541800,3.8853225400,11444455,224827136.0000,2,1.379967,1,2.814000,14.192966,1.542055,0.825481,13.527420
2013-08-14,sz.000338,3.9906048600,4.1019611600,3.9136677800,3.9379637000,3.9946541800,12334219,244362640.0000,2,1.487254,1,-1.419200,13.991545,1.520170,0.813766,13.335444
2013-08-15,sz.000338,3.9359390400,4.0391967000,3.9298650600,3.9663089400,3.9379637000,9362201,184726928.0000,2,1.128890,1,0.719800,14.092256,1.531113,0.819624,13.431432
2013-08-16,sz.000338,3.9602349600,4.0391967000,3.8529279800,3.8913965200,3.9663089400,10381121,202117024.0000,2,1.251751,1,-1.888700,13.826092,1.502194,0.804144,13.177750
2013-08-19,sz.000338,3.8832978800,3.9582103000,3.8266074000,3.9318897200,3.8913965200,6902464,132895248.0000,2,0.832296,1,1.040600,13.969964,1.517826,0.812511,13.314876
2013-08-20,sz.000338,3.9236818000,3.9728558800,3.7761595600,3.7986976800,3.9318774800,9832720,185634176.0000,2,1.185625,1,-3.387200,13.336928,1.449047,0.775693,12.711524
2013-08-21,sz.000338,3.8273825600,3.8273825600,3.7413279200,3.7823063200,3.7986976800,6330941,116802376.0000,2,0.763382,1,-0.431500,13.279379,1.442794,0.772346,12.656674
2013-08-22,sz.000338,3.7782084800,3.8560674400,3.7351811600,3.8068933600,3.7823063200,4061760,75429256.0000,2,0.489765,1,0.650100,13.365702,1.452173,0.777367,12.738949
2013-08-23,sz.000338,3.8294314800,3.8540185200,3.6819092400,3.7495236000,3.8068933600,7946473,146179200.0000,2,0.958182,1,-1.507000,13.164282,1.430289,0.765652,12.546973
2013-08-26,sz.000338,3.7454257600,3.8888501600,3.7454257600,3.8724588000,3.7495236000,7284465,136398288.0000,2,0.878357,1,3.278700,13.595897,1.477184,0.790755,12.958349
2013-08-27,sz.000338,3.8827034000,3.8929480000,3.8212358000,3.8683609600,3.8724588000,4393881,82535024.0000,2,0.529812,1,-0.105800,13.581510,1.475621,0.789918,12.944637
2013-08-28,sz.000338,3.8519696000,3.8519696000,3.7802574000,3.8007466000,3.8683609600,7195014,133761920.0000,2,0.867571,1,-1.747900,13.344121,1.449828,0.776111,12.718380
2013-08-29,sz.000338,3.8273825600,3.8294314800,3.7372300800,3.8273825600,3.8007466000,7471634,137920800.0000,2,0.900926,1,0.700800,13.437638,1.459989,0.781551,12.807512
2013-08-30,sz.000338,3.8642631200,3.9503177600,3.8622142000,3.9277796400,3.8273825600,11340662,216434336.0000,2,1.367452,1,2.623100,12.057327,1.450240,0.736666,15.108137
2013-09-02,sz.000338,3.9441710000,4.0712040400,3.8806544800,3.9974429200,3.9277796400,13403235,259982560.0000,2,1.616156,1,1.773600,12.271176,1.475961,0.749731,15.376096
2013-09-03,sz.000338,3.9933450800,4.0363724000,3.9646602000,3.9994918400,3.9974429200,8755509,170985888.0000,2,1.055735,1,0.051300,12.277466,1.476718,0.750116,15.383977
2013-09-04,sz.000338,4.0076875200,4.0302256400,3.9564645200,3.9892472400,3.9994918400,6349687,123610440.0000,2,0.765642,1,-0.256100,12.246017,1.472935,0.748194,15.344571
2013-09-05,sz.000338,3.9933450800,4.0199810400,3.9093393600,3.9175350400,3.9892472400,7510184,145163904.0000,2,0.905574,1,-1.797600,12.025878,1.446457,0.734744,15.068731
2013-09-06,sz.000338,3.9175350400,3.9953940000,3.8970458400,3.9544156000,3.9175350400,5917097,113601744.0000,2,0.713481,1,0.941400,12.139093,1.460075,0.741662,15.210592
2013-09-09,sz.000338,3.9667091200,4.0937421600,3.9646602000,4.0630083600,3.9544156000,13169587,259692672.0000,2,1.587983,1,2.746100,12.472446,1.500170,0.762028,15.628292
2013-09-10,sz.000338,4.0568616000,4.1859435600,4.0384213200,4.1613565200,4.0630083600,15385831,309609952.0000,2,1.855216,1,2.420600,12.774351,1.536483,0.780474,16.006587
2013-09-11,sz.000338,4.1777478800,4.4010801600,4.1777478800,4.3170744400,4.1613565200,25212105,531218048.0000,2,3.040064,1,3.742000,13.252367,1.593978,0.809679,16.605553
2013-09-12,sz.000338,4.3027320000,4.3027320000,4.1961881600,4.2371665600,4.3170744400,12888765,266671569.0000,2,1.554121,1,-1.851000,13.007069,1.564474,0.794692,16.298189
2013-09-13,sz.000338,4.2228241200,4.2781449600,4.1142313600,4.1408673200,4.2371665600,10692868,217338447.0000,2,1.124315,1,-2.272700,12.711454,1.528918,0.776631,15.927775
2013-09-16,sz.000338,4.1408673200,4.2515090000,4.1408673200,4.2043838400,4.1408673200,6319637,129537903.0000,2,0.664486,1,1.533900,12.906434,1.552369,0.788544,16.172090
2013-09-17,sz.000338,4.2002860000,4.2556068400,4.1183292000,4.1224270400,4.2043838400,6394833,130599890.0000,2,0.672393,1,-1.949300,12.654847,1.522109,0.773173,15.856845
2013-09-18,sz.000338,4.1511119200,4.1511119200,4.0404702400,4.0814486400,4.1224270400,5443347,108529459.0000,2,0.572348,1,-0.994000,12.529053,1.506979,0.765487,15.699222
2013-09-23,sz.000338,4.0875954000,4.1756989600,4.0875954000,4.1367694800,4.0814486400,5406299,109262404.0000,2,0.568452,1,1.355400,12.698875,1.527404,0.775863,15.912013
2013-09-24,sz.000338,4.1695522000,4.1695522000,4.0486659200,4.0855464800,4.1367694800,5842131,116393362.0000,2,0.614278,1,-1.238200,12.541632,1.508492,0.766256,15.714985
2013-09-25,sz.000338,4.0875954000,4.1552097600,4.0568616000,4.0589105200,4.0855464800,6030809,121085394.0000,2,0.634117,1,-0.652000,12.459867,1.498657,0.761260,15.612530
2013-09-26,sz.000338,4.0609594400,4.0609594400,3.9503177600,3.9687580400,4.0589105200,7042123,137501118.0000,2,0.740453,1,-2.221100,12.183120,1.465370,0.744352,15.265760
2013-09-27,sz.000338,3.9667091200,4.0281767200,3.9646602000,3.9994918400,3.9687580400,3328998,64862636.0000,2,0.350032,1,0.774400,12.277466,1.476718,0.750116,15.383977
2013-09-30,sz.000338,4.0261278000,4.0609594400,3.9503177600,3.9667091200,3.9994918400,4220868,82222738.0000,2,0.443809,1,-0.819700,12.176831,1.464614,0.743967,15.257879
2013-10-08,sz.000338,3.9646602000,4.0753018800,3.9236818000,4.0630083600,3.9667091200,5756974,112849503.0000,2,0.605324,1,2.427700,12.472446,1.500170,0.762028,15.628292
2013-10-09,sz.000338,4.0363724000,4.1429162400,4.0363724000,4.0998889200,4.0630083600,5297934,106133690.0000,2,0.557058,1,0.907700,12.585660,1.513787,0.768945,15.770153
2013-10-10,sz.000338,4.0998889200,4.1265248800,3.9953940000,4.0035896800,4.0998889200,5889092,116122349.0000,2,0.619216,1,-2.348800,12.290045,1.478231,0.750884,15.399739
2013-10-11,sz.000338,4.0363724000,4.1162802800,4.0302256400,4.0793997200,4.0035896800,7114425,141350975.0000,2,0.748055,1,1.893600,12.522763,1.506222,0.765103,15.691341
2013-10-14,sz.000338,4.0937421600,4.1531608400,4.0793997200,4.0998889200,4.0793997200,8438349,169459793.0000,2,0.887261,1,0.502300,12.585660,1.513787,0.768945,15.770153
2013-10-15,sz.000338,4.1060356800,4.1511119200,4.0363724000,4.1285738000,4.0998889200,7796513,155876115.0000,2,0.819774,1,0.699700,12.673716,1.524378,0.774325,15.880488
2013-10-16,sz.000338,4.1019378400,4.1285738000,4.0056386000,4.0343234800,4.1285738000,6516327,128828803.0000,2,0.685167,1,-2.282900,12.384390,1.489579,0.756648,15.517956
2013-10-17,sz.000338,4.0568616000,4.1121824400,4.0466170000,4.0568616000,4.0343234800,5102912,101569498.0000,2,0.536552,1,0.558700,12.453577,1.497900,0.760876,15.604649
2013-10-18,sz.000338,4.0774536000,4.2339619200,4.0383265200,4.1989534800,4.0568604000,12734195,257308147.0000,2,1.338953,1,3.502500,12.824668,1.542535,0.783548,16.069636
2013-10-21,sz.000338,4.2401398800,4.2566144400,4.1289366000,4.2216060000,4.1989534800,10164456,207232590.0000,2,1.068755,1,0.539500,12.893855,1.550856,0.787775,16.156328
2013-10-22,sz.000338,4.2216060000,4.2277839600,4.1392332000,4.1474704800,4.2216060000,6827398,138289835.0000,2,0.717875,1,-1.756100,12.667426,1.523622,0.773941,15.872607
2013-10-23,sz.000338,4.1763009600,4.2319026000,4.0980468000,4.1248179600,4.1474704800,7403299,149856883.0000,2,0.778429,1,-0.546200,12.598240,1.515300,0.769714,15.785915
2013-10-24,sz.000338,4.1289366000,4.2133687200,4.0753942800,4.1454111600,4.1248179600,6105206,122965280.0000,2,0.641940,1,0.499300,12.661136,1.522865,0.773557,15.864726
2013-10-25,sz.000338,4.1515891200,4.1783602800,4.0692163200,4.1001061200,4.1454111600,5125991,102435547.0000,2,0.538979,1,-1.092900,12.522763,1.506222,0.765103,15.691341
2013-10-28,sz.000338,4.0774536000,4.0939281600,3.9065300400,3.9435978000,4.1001061200,7078546,136432770.0000,2,0.744283,1,-3.817200,11.647573,1.412194,0.693222,22.119590
2013-10-29,sz.000338,3.9497757600,3.9950808000,3.8262165600,3.8571063600,3.9435978000,7310090,138034288.0000,2,0.768629,1,-2.193200,11.392117,1.381221,0.678018,21.634461
2013-10-30,sz.000338,3.8468097600,3.9435978000,3.8426911200,3.9209452800,3.8571063600,5436342,103117624.0000,2,0.571611,1,1.655100,11.580667,1.404082,0.689240,21.992533
2013-10-31,sz.000338,3.9209452800,3.9394791600,3.8838775200,3.9230046000,3.9209452800,3138842,59558214.0000,2,0.330038,1,0.052500,11.586750,1.404819,0.689602,22.004083
2013-11-01,sz.000338,3.9703689600,3.9930214800,3.9353605200,3.9827248800,3.9230046000,3954030,76252953.0000,2,0.415751,1,1.522300,11.763136,1.426205,0.700100,22.339054
2013-11-04,sz.000338,4.0342078800,4.0589197200,3.9806655600,3.9950808000,3.9827248800,3312062,64711783.0000,2,0.348251,1,0.310200,11.799630,1.430630,0.702272,22.408358
2013-11-05,sz.000338,3.9538944000,4.0362672000,3.9209452800,4.0259706000,3.9950808000,3477641,67212590.0000,2,0.365661,1,0.773200,11.890864,1.441691,0.707702,22.581618
2013-11-06,sz.000338,4.0033180800,4.0424451600,3.9538944000,3.9538944000,4.0259706000,2685018,52216892.0000,2,0.282320,1,-1.790300,11.677984,1.415881,0.695032,22.177344
2013-11-07,sz.000338,3.9538944000,3.9909621600,3.9230046000,3.9497757600,3.9538944000,2534598,48659876.0000,2,0.266504,1,-0.104200,11.665819,1.414406,0.694308,22.154242
2013-11-08,sz.000338,3.9518350800,3.9765469200,3.8921148000,3.8982927600,3.9497757600,2960841,56493347.0000,2,0.311321,1,-1.303400,11.513762,1.395970,0.685258,21.865475
2013-11-11,sz.000338,3.8921148000,3.9250639200,3.8818182000,3.9024114000,3.8982927600,1938899,36708012.0000,2,0.203868,1,0.105700,11.525927,1.397445,0.685982,21.888576
2013-11-12,sz.000338,3.9312418800,3.9415384800,3.8715216000,3.9044707200,3.9024114000,2861755,54198673.0000,2,0.300903,1,0.052800,11.532009,1.398182,0.686344,21.900127
2013-11-13,sz.000338,3.8715216000,3.8797588800,3.8097420000,3.8262165600,3.9044707200,3753047,69902585.0000,2,0.394619,1,-2.004200,11.300882,1.370160,0.672588,21.461200
2013-11-14,sz.000338,3.8715216000,3.8818182000,3.8282758800,3.8653436400,3.8262165600,2636206,49442377.0000,2,0.277187,1,1.022600,11.416446,1.384171,0.679466,21.680664
2013-11-15,sz.000338,3.8674029600,3.9909621600,3.8632843200,3.9559537200,3.8653436400,5974695,114715095.0000,2,0.628217,1,2.344200,11.684066,1.416618,0.695394,22.188894
2013-11-18,sz.000338,3.9950808000,4.1021654400,3.9868435200,4.0980468000,3.9559537200,7917667,155652622.0000,2,0.832513,1,3.591900,12.103744,1.467501,0.720371,22.985893
2013-11-19,sz.000338,4.1206993200,4.1309959200,4.0362672000,4.0527417600,4.0980468000,9786504,192954771.0000,2,1.007828,1,-1.105500,11.969934,1.451278,0.712408,22.731777
2013-11-20,sz.000338,4.1165806800,4.1268772800,4.0527417600,4.1227586400,4.0527417600,10853953,215256768.0000,2,1.117755,1,1.727600,12.176731,1.476351,0.724715,23.124501
2013-11-21,sz.000338,4.0980468000,4.1165806800,4.0465638000,4.0815722400,4.1227586400,7889030,156039832.0000,2,0.812423,1,-0.999000,12.055086,1.461602,0.717475,22.893487
2013-11-22,sz.000338,4.1145213600,4.1289366000,4.0609790400,4.0795129200,4.0815722400,4166793,82779382.0000,2,0.429102,1,-0.050500,12.049003,1.460865,0.717113,22.881936
2013-11-25,sz.000338,4.0568604000,4.1495298000,4.0362672000,4.1145213600,4.0795129200,10987190,219387761.0000,2,1.131476,1,0.858200,12.152402,1.473401,0.723267,23.078298
2013-11-26,sz.000338,4.0939281600,4.1309959200,4.0445044800,4.0774536000,4.1145213600,7510997,148570180.0000,2,0.773493,1,-0.900900,12.042921,1.460127,0.716751,22.870386
2013-11-27,sz.000338,4.0630383600,4.1083434000,4.0362672000,4.0959874800,4.0774536000,10839623,213992919.0000,2,1.116280,1,0.454500,12.097662,1.466764,0.720009,22.974342
2013-11-28,sz.000338,4.0959874800,4.3080974400,4.0918688400,4.2772076400,4.0959874800,20977314,430321664.0000,2,2.160273,1,4.424300,12.632902,1.531659,0.751865,23.990804
2013-11-29,sz.000338,4.2483771600,4.2875042400,4.2236653200,4.2339619200,4.2772076400,10783173,222544858.0000,2,1.110466,1,-1.011100,12.505175,1.516172,0.744263,23.748239
2013-12-02,sz.000338,4.2113094000,4.2792669600,4.1206993200,4.1804196000,4.2339619200,12776336,260668770.0000,2,1.315725,1,-1.264600,12.347035,1.496999,0.734851,23.447921
2013-12-03,sz.000338,4.1804196000,4.2936822000,4.1742416400,4.2813262800,4.1804196000,9610189,197821071.0000,2,0.989671,1,2.413800,12.645067,1.533133,0.752589,24.013905
2013-12-04,sz.000338,4.2730890000,4.4007668400,4.2586737600,4.3739956800,4.2813262800,14365662,302932384.0000,2,1.479396,1,2.164500,12.918770,1.566318,0.768879,24.533687
2013-12-05,sz.000338,4.3657584000,4.3925295600,4.2833856000,4.3348686000,4.3739956800,7974314,168124162.0000,2,0.821206,1,-0.894500,12.803206,1.552307,0.762001,24.314223
2013-12-06,sz.000338,4.3245720000,4.4028261600,4.3039788000,4.3245720000,4.3348686000,6544736,138117658.0000,2,0.673986,1,-0.237500,12.772795,1.548620,0.760191,24.256470
2013-12-09,sz.000338,4.3657584000,4.4357752800,4.3472245200,4.3678177200,4.3245720000,6296710,134347519.0000,2,0.648444,1,1.000000,12.900523,1.564106,0.767793,24.499034
2013-12-10,sz.000338,4.3657584000,4.4151820800,4.2792669600,4.2998601600,4.3678177200,7106637,149319837.0000,2,0.731851,1,-1.555900,12.699808,1.539770,0.755847,24.117861
2013-12-11,sz.000338,4.2607330800,4.2607330800,4.1515891200,4.1660043600,4.2998601600,8687583,176749911.0000,2,0.894659,1,-3.113000,12.304459,1.491837,0.732317,23.367066
2013-12-12,sz.000338,4.1557077600,4.2030721200,4.1124620400,4.1680636800,4.1660043600,7106451,143229237.0000,2,0.731832,1,0.049400,12.310541,1.492574,0.732679,23.378617
2013-12-13,sz.000338,4.1186400000,4.1927755200,4.0939281600,4.1289366000,4.1680636800,8917168,178820192.0000,2,0.918302,1,-0.938700,12.194978,1.478563,0.725801,23.159153
2013-12-16,sz.000338,4.1289366000,4.1371738800,4.0568604000,4.0609790400,4.1289366000,6500622,128774339.0000,2,0.669443,1,-1.645900,11.994263,1.454228,0.713855,22.777980
2013-12-17,sz.000338,4.0609790400,4.0795129200,4.0177333200,4.0362672000,4.0609790400,5482668,107483701.0000,2,0.564613,1,-0.608500,11.921275,1.445378,0.709512,22.639372
2013-12-18,sz.000338,4.0321485600,4.0671570000,4.0012587600,4.0115553600,4.0362672000,5847469,114428089.0000,2,0.602181,1,-0.612200,11.848288,1.436529,0.705168,22.500763
2013-12-19,sz.000338,4.0218519600,4.0362672000,3.9333012000,3.9415384800,4.0115553600,7683122,148332987.0000,2,0.791219,1,-1.745400,11.641490,1.411456,0.692860,22.108040
2013-12-20,sz.000338,3.9415384800,3.9538944000,3.8241572400,3.8323945200,3.9415384800,10728805,201586939.0000,2,1.104867,1,-2.769100,11.319129,1.372372,0.673674,21.495852
2013-12-23,sz.000338,3.8426911200,3.8838775200,3.8056233600,3.8447504400,3.8323945200,5899394,110010853.0000,2,0.607528,1,0.322400,11.355623,1.376797,0.675846,21.565157
2013-12-24,sz.000338,3.8653436400,3.8921148000,3.7582590000,3.7932674400,3.8447504400,7855310,146340750.0000,2,0.808951,1,-1.339000,11.203566,1.358361,0.666796,21.276389
2013-12-25,sz.000338,3.8097420000,3.8735809200,3.7953267600,3.8571063600,3.7932674400,4192342,78095682.0000,2,0.431733,1,1.683000,11.392117,1.381221,0.678018,21.634461
2013-12-26,sz.000338,3.8571063600,3.8571063600,3.7479624000,3.7706149200,3.8571063600,7131409,131462092.0000,2,0.734402,1,-2.242400,11.136661,1.350249,0.662814,21.149331
2013-12-27,sz.000338,3.7788522000,3.8962334400,3.7561996800,3.8756402400,3.7706149200,6649149,124103591.0000,2,0.684739,1,2.785400,11.446857,1.387858,0.681276,21.738417
2013-12-30,sz.000338,3.9106486800,3.9250639200,3.8715216000,3.8756402400,3.8756402400,4049386,76474132.0000,2,0.417011,1,0.000000,11.446857,1.387858,0.681276,21.738417
2013-12-31,sz.000338,3.8591656800,3.9127080000,3.8056233600,3.9127080000,3.8756402400,5511586,103348453.0000,2,0.567591,1,0.956400,11.556338,1.401132,0.687792,21.946330
2014-01-02,sz.000338,3.9003520800,3.9003520800,3.8406318000,3.8591656800,3.9127080000,4180577,78315685.0000,2,0.430522,1,-1.368400,11.398199,1.381959,0.678380,21.646012
2014-01-03,sz.000338,3.8220979200,3.8509284000,3.7582590000,3.7747335600,3.8591656800,7079005,130272850.0000,2,0.729006,1,-2.187800,11.148825,1.351724,0.663538,21.172433
2014-01-06,sz.000338,3.7706149200,3.7706149200,3.6449964000,3.6470557200,3.7747335600,6989049,124722678.0000,2,0.719742,1,-3.382400,10.771724,1.306003,0.641094,20.456289
2014-01-07,sz.000338,3.6038100000,3.6882421200,3.6038100000,3.6552930000,3.6470557200,4102567,72642702.0000,2,0.422488,1,0.225900,10.796053,1.308952,0.642542,20.502492
2014-01-08,sz.000338,3.6655896000,3.6861828000,3.6264625200,3.6594116400,3.6552930000,5689178,100959076.0000,2,0.585879,1,0.112700,10.808217,1.310427,0.643266,20.525594
2014-01-09,sz.000338,3.6511743600,3.6841234800,3.5935134000,3.6017506800,3.6594116400,4791940,84768728.0000,2,0.493481,1,-1.575700,10.637914,1.289779,0.633130,20.202174
2014-01-10,sz.000338,3.5790981600,3.6017506800,3.5234965200,3.5399710800,3.6017506800,5935251,102580912.0000,2,0.611220,1,-1.715300,10.455445,1.267656,0.622271,19.855653
2014-01-13,sz.000338,3.5276151600,3.5832168000,3.5276151600,3.5420304000,3.5399710800,3849752,66256348.0000,2,0.396453,1,0.058200,10.461527,1.268393,0.622633,19.867204
2014-01-14,sz.000338,3.5461490400,3.6449964000,3.5461490400,3.6429370800,3.5420304000,3958581,69405152.0000,2,0.407660,1,2.848800,10.759559,1.304528,0.640370,20.433188
2014-01-15,sz.000338,3.6429370800,3.6552930000,3.6038100000,3.6367591200,3.6429370800,2519380,44335135.0000,2,0.259449,1,-0.169600,10.741312,1.302315,0.639284,20.398536
2014-01-16,sz.000338,3.6429370800,3.7047166800,3.6429370800,3.6697082400,3.6367591200,3887439,69395720.0000,2,0.400334,1,0.906000,10.838629,1.314114,0.645076,20.583347
2014-01-17,sz.000338,3.6573523200,3.6655896000,3.6038100000,3.6099879600,3.6697082400,3605458,63474376.0000,2,0.371295,1,-1.627400,10.662243,1.292729,0.634578,20.248377
2014-01-20,sz.000338,3.6141066000,3.6594116400,3.5832168000,3.6038100000,3.6099879600,3075877,54067872.0000,2,0.316758,1,-0.171100,10.643996,1.290516,0.633492,20.213725
2014-01-21,sz.000338,3.6244032000,3.7005980400,3.6141066000,3.6655896000,3.6038100000,3819844,68093474.0000,2,0.393373,1,1.714300,10.826464,1.312639,0.644352,20.560246
2014-01-22,sz.000338,3.6841234800,3.7561996800,3.6676489200,3.7459030800,3.6655896000,5122808,92741797.0000,2,0.527554,1,2.191000,11.063673,1.341400,0.658470,21.010723
2014-01-23,sz.000338,3.7479624000,3.7623776400,3.7253098800,3.7335471600,3.7459030800,3833258,69681264.0000,2,0.394754,1,-0.329900,11.027180,1.336975,0.656298,20.941419
2014-01-24,sz.000338,3.7273692000,3.7664962800,3.7150132800,3.7294285200,3.7335471600,4026517,73249585.0000,2,0.414656,1,-0.110300,11.015015,1.335500,0.655574,20.918317
2014-01-27,sz.000338,3.7047166800,3.7047166800,3.6202845600,3.6491150400,3.7294285200,5121490,90838573.0000,2,0.527418,1,-2.153500,10.777806,1.306740,0.641456,20.467840
2014-01-28,sz.000338,3.6449964000,3.7026573600,3.6182252400,3.6614709600,3.6491150400,4434743,78780574.0000,2,0.456696,1,0.338600,10.814300,1.311165,0.643628,20.537144
2014-01-29,sz.000338,3.6614709600,3.7026573600,3.6449964000,3.6738268800,3.6614709600,2947209,52525503.0000,2,0.303508,1,0.337500,10.850793,1.315589,0.645800,20.606449
2014-01-30,sz.000338,3.6285218400,3.6820641600,3.5976320400,3.6038100000,3.6738268800,5074332,89088617.0000,2,0.522562,1,-1.905800,10.643996,1.290516,0.633492,20.213725
2014-02-07,sz.000338,3.5708608800,3.6305811600,3.5543863200,3.6305811600,3.6038100000,4756902,82920839.0000,2,0.489872,1,0.742900,10.723065,1.300103,0.638198,20.363884
2014-02-10,sz.000338,3.6655896000,3.7479624000,3.6408777600,3.7376658000,3.6305811600,7664978,138276610.0000,2,0.789350,1,2.949500,11.039344,1.338450,0.657022,20.964520
2014-02-11,sz.000338,3.7335471600,3.7644369600,3.7088353200,3.7459030800,3.7376658000,7148779,129830184.0000,2,0.736191,1,0.220400,11.063673,1.341400,0.658470,21.010723
2014-02-12,sz.000338,3.7582590000,3.7891488000,3.7335471600,3.7582590000,3.7459030800,6650295,121429052.0000,2,0.684857,1,0.329900,11.100167,1.345824,0.660642,21.080027
2014-02-13,sz.000338,3.7479624000,3.7747335600,3.7067760000,3.7273692000,3.7582590000,7825876,142344469.0000,2,0.805920,1,-0.821900,11.008933,1.334763,0.655212,20.906767
2014-02-14,sz.000338,3.7273692000,3.7541403600,3.6944200800,3.7376658000,3.7273692000,9569037,173010687.0000,2,0.985433,1,0.276200,11.039344,1.338450,0.657022,20.964520
2014-02-17,sz.000338,3.7500217200,3.7767928800,3.7273692000,3.7747335600,3.7376658000,12156358,221741902.0000,2,1.251879,1,0.991700,11.148825,1.351724,0.663538,21.172433
2014-02-18,sz.000338,3.7809115200,3.7870894800,3.7150132800,3.7253098800,3.7747335600,9733738,176995177.0000,2,1.002394,1,-1.309300,11.002851,1.334025,0.654850,20.895216
2014-02-19,sz.000338,3.7150132800,3.7335471600,3.6552930000,3.6944200800,3.7253098800,11723951,210424494.0000,2,1.207349,1,-0.829200,10.911616,1.322964,0.649420,20.721956
2014-02-20,sz.000338,3.6985387200,3.7644369600,3.6717675600,3.6779455200,3.6944200800,11577479,208521854.0000,2,1.192265,1,-0.445900,10.862958,1.317064,0.646524,20.629550
2014-02-21,sz.000338,3.6655896000,3.6985387200,3.6326404800,3.6470557200,3.6779455200,6815553,121104884.0000,2,0.701875,1,-0.839900,10.771724,1.306003,0.641094,20.456289
2014-02-24,sz.000338,3.5996913600,3.6079286400,3.5214372000,3.5440897200,3.6470557200,10543402,182072097.0000,2,1.085774,1,-2.823300,10.467610,1.269131,0.622995,19.878754
2014-02-25,sz.000338,3.5482083600,3.5873354400,3.5008440000,3.5049626400,3.5440897200,9025520,155222203.0000,2,0.929461,1,-1.104000,10.352046,1.255119,0.616117,19.659291
2014-02-26,sz.000338,3.5008440000,3.5502676800,3.4823101200,3.5193778800,3.5049626400,8548932,145679777.0000,2,0.880381,1,0.411300,10.394622,1.260281,0.618651,19.740146
2014-02-27,sz.000338,3.5255558400,3.5358524400,3.4184712000,3.4390644000,3.5193778800,10364070,175694213.0000,2,1.067306,1,-2.282000,10.157413,1.231521,0.604533,19.289669
2014-02-28,sz.000338,3.4411237200,3.6244032000,3.4225898400,3.5935134000,3.4390644000,9846394,167776282.0000,2,1.013995,1,4.491000,10.613584,1.286829,0.631682,20.155971
2014-03-03,sz.000338,3.5893947600,3.5893947600,3.5070219600,3.5317338000,3.5935134000,11325554,194508417.0000,2,1.166321,1,-1.719200,10.431116,1.264706,0.620823,19.809450
2014-03-04,sz.000338,3.5234965200,3.5234965200,3.4452423600,3.4926067200,3.5317338000,11164695,188279997.0000,2,1.149756,1,-1.107900,10.315553,1.250695,0.613945,19.589987
2014-03-05,sz.000338,3.5029033200,3.5070219600,3.4596576000,3.4658355600,3.4926067200,5445420,91820771.0000,2,0.560777,1,-0.766500,10.236483,1.241108,0.609239,19.439828
2014-03-06,sz.000338,3.4596576000,3.4926067200,3.3917000400,3.4905474000,3.4658355600,12699446,211893153.0000,2,1.307807,1,0.713000,10.309470,1.249957,0.613583,19.578436
2014-03-07,sz.000338,3.4575982800,3.4823101200,3.4308271200,3.4349457600,3.4905474000,6100499,102260394.0000,2,0.628238,1,-1.592900,10.145249,1.230046,0.603809,19.266567
2014-03-10,sz.000338,3.4308271200,3.4308271200,3.3196238400,3.3258018000,3.4349457600,7562538,123444987.0000,2,0.778801,1,-3.177500,9.822888,1.190962,0.584623,18.654380
2014-03-11,sz.000338,3.3155052000,3.3360984000,3.2743188000,3.2990306400,3.3258018000,8917767,142954869.0000,2,0.918364,1,-0.804900,9.743818,1.181376,0.579917,18.504221
2014-03-12,sz.000338,3.2949120000,3.3196238400,3.2846154000,3.3155052000,3.2990306400,5891334,94437602.0000,2,0.606698,1,0.499400,9.792476,1.187275,0.582813,18.596627
2014-03-13,sz.000338,3.3237424800,3.3752254800,3.3155052000,3.3628695600,3.3155052000,4986238,81110171.0000,2,0.513490,1,1.428600,9.932369,1.204236,0.591139,18.862293
2014-03-14,sz.000338,3.3587509200,3.4081746000,3.3299204400,3.3381577200,3.3628695600,6621536,108347079.0000,2,0.681895,1,-0.734800,9.859381,1.195387,0.586795,18.723685
2014-03-17,sz.000338,3.3608102400,3.4143525600,3.3402170400,3.4102339200,3.3381577200,5263290,86617760.0000,2,0.542021,1,2.159200,10.072261,1.221197,0.599465,19.127959
2014-03-18,sz.000338,3.4081746000,3.4370050800,3.3855220800,3.4040559600,3.4102339200,5622626,93165321.0000,2,0.579026,1,-0.181200,10.054014,1.218985,0.598379,19.093307
2014-03-19,sz.000338,3.4019966400,3.4019966400,3.3752254800,3.3978780000,3.4040559600,4433010,72889481.0000,2,0.456518,1,-0.181500,10.035767,1.216773,0.597293,19.058655
2014-03-20,sz.000338,3.4061152800,3.4246491600,3.3566916000,3.3628695600,3.3978780000,4875936,80482348.0000,2,0.502131,1,-1.030300,9.932369,1.204236,0.591139,18.862293
2014-03-21,sz.000338,3.3381577200,3.4555389600,3.3237424800,3.4431830400,3.3628695600,7906474,130450954.0000,2,0.814220,1,2.388200,10.169578,1.232996,0.605257,19.312770
2014-03-24,sz.000338,3.4493610000,3.4905474000,3.4102339200,3.4699542000,3.4431830400,7851852,131354431.0000,2,0.808595,1,0.777500,10.248647,1.242583,0.609963,19.462929
2014-03-25,sz.000338,3.4411237200,3.4967253600,3.4308271200,3.4431830400,3.4699542000,5249419,88158392.0000,2,0.540592,1,-0.771500,10.169578,1.232996,0.605257,19.312770
2014-03-26,sz.000338,3.4493610000,3.4678948800,3.4143525600,3.4370050800,3.4431830400,4588174,76498164.0000,2,0.472497,1,-0.179400,10.151331,1.230784,0.604171,19.278118
2014-03-27,sz.000338,3.4370050800,3.4514203200,3.3875814000,3.4081746000,3.4370050800,4574316,75839247.0000,2,0.471069,1,-0.838800,10.066179,1.220460,0.599103,19.116408
2014-03-28,sz.000338,3.4081746000,3.4514203200,3.3978780000,3.4370050800,3.4081746000,4981300,82943848.0000,2,0.512981,1,0.845900,10.151331,1.230784,0.604171,19.278118
2014-03-31,sz.000338,3.4246491600,3.4658355600,3.4019966400,3.4267084800,3.4370050800,4853344,80732892.0000,2,0.499804,1,-0.299600,9.316846,1.200025,0.570529,13.319179
2014-04-01,sz.000338,3.4267084800,3.4864287600,3.4122932400,3.4617169200,3.4267084800,5617795,94179598.0000,2,0.578528,1,1.021600,9.412030,1.212285,0.576358,13.455253
2014-04-02,sz.000338,3.4720135200,3.5296744800,3.4658355600,3.5255558400,3.4617169200,8893666,151083099.0000,2,0.915882,1,1.844100,9.585601,1.234642,0.586986,13.703387
2014-04-03,sz.000338,3.5337931200,3.5893947600,3.4864287600,3.4926067200,3.5255558400,10940258,188469850.0000,2,1.126643,1,-0.934600,9.496016,1.223103,0.581501,13.575317
2014-04-04,sz.000338,3.4823101200,3.5193778800,3.4637762400,3.5152592400,3.4926067200,5683063,96599264.0000,2,0.585250,1,0.648600,9.557606,1.231036,0.585272,13.663365
2014-04-08,sz.000338,3.4967253600,3.5770388400,3.4864287600,3.5523270000,3.5152592400,10117958,174268088.0000,2,1.041961,1,1.054500,9.658389,1.244017,0.591444,13.807443
2014-04-09,sz.000338,3.5667422400,3.6120472800,3.5523270000,3.5893947600,3.5523270000,10636797,185072497.0000,2,1.095392,1,1.043500,9.759172,1.256998,0.597615,13.951520
2014-04-10,sz.000338,3.5852761200,3.9477164400,3.5790981600,3.9127080000,3.5893947600,57270630,1067271408.0000,2,5.897809,1,9.007500,10.638225,1.370221,0.651445,15.208198
2014-04-11,sz.000338,3.9127080000,3.9744876000,3.8674029600,3.9147673200,3.9127080000,60776205,1160142368.0000,2,6.258818,1,0.052600,10.643824,1.370942,0.651788,15.216202
2014-04-14,sz.000338,3.8921148000,3.9497757600,3.7973860800,3.8468097600,3.9147673200,25910539,485110864.0000,2,2.668303,1,-1.735900,10.459055,1.347144,0.640473,14.952060
2014-04-15,sz.000338,3.8365131600,3.8509284000,3.7335471600,3.7376658000,3.8468097600,21495303,394161872.0000,2,2.213616,1,-2.837300,10.162305,1.308922,0.622302,14.527831
2014-04-16,sz.000338,3.7170726000,3.7767928800,3.7170726000,3.7438437600,3.7376658000,12598094,228965985.0000,2,1.297369,1,0.165300,10.179102,1.311085,0.623330,14.551844
2014-04-17,sz.000338,3.7623776400,3.7706149200,3.6655896000,3.6676489200,3.7438437600,13824762,248141733.0000,2,1.423693,1,-2.035200,9.971936,1.284402,0.610644,14.255684
2014-04-18,sz.000338,3.6944200800,3.7150132800,3.6614709600,3.6985387200,3.6676489200,9084874,162946902.0000,2,0.935573,1,0.842200,10.055922,1.295220,0.615787,14.375749
2014-04-21,sz.000338,3.6779455200,3.6779455200,3.6038100000,3.6058693200,3.6985387200,11232773,198290417.0000,2,1.156767,1,-2.505600,9.803964,1.262767,0.600358,14.015555
2014-04-22,sz.000338,3.6017506800,3.6223438800,3.5358524400,3.5996913600,3.6058693200,9799638,170293645.0000,2,1.009180,1,-0.171300,9.787167,1.260604,0.599330,13.991542
2014-04-23,sz.000338,3.5893947600,3.6141066000,3.5461490400,3.5502676800,3.5996913600,9385420,162938918.0000,2,0.966524,1,-1.373000,9.652790,1.243296,0.591101,13.799438
2014-04-24,sz.000338,3.5440897200,3.6017506800,3.5317338000,3.5317338000,3.5502676800,10947129,189509724.0000,2,1.127351,1,-0.522000,9.602398,1.236805,0.588015,13.727399
2014-04-25,sz.000338,3.5667422400,3.5688015600,3.4823101200,3.4823101200,3.5317338000,10173425,174352930.0000,2,1.047674,1,-1.399400,9.468020,1.219497,0.579786,13.535296
2014-04-28,sz.000338,3.4699542000,3.4802508000,3.4061152800,3.4390644000,3.4823101200,8729297,145758270.0000,2,0.898955,1,-1.241900,9.350440,1.204352,0.572586,13.367205
2014-04-29,sz.000338,3.4473016800,3.5379117600,3.4411237200,3.5379117600,3.4390644000,7535747,127644582.0000,2,0.776042,1,2.874200,9.619195,1.238969,0.589044,13.751412
2014-04-30,sz.000338,3.5955727200,3.6038100000,3.5214372000,3.5317338000,3.5379117600,9424744,162932642.0000,2,0.970573,1,-0.174600,8.993906,1.190611,0.554887,23.378089
2014-05-05,sz.000338,3.5337931200,3.5790981600,3.5214372000,3.5729202000,3.5317338000,7594084,130881474.0000,2,0.782049,1,1.166200,9.098791,1.204496,0.561358,23.650719
2014-05-06,sz.000338,3.5749795200,3.6120472800,3.5440897200,3.5585049600,3.5729202000,7500913,130572292.0000,2,0.772454,1,-0.403500,9.062081,1.199636,0.559093,23.555299
2014-05-07,sz.000338,3.5420304000,3.5420304000,3.4617169200,3.4905474000,3.5585049600,5883907,100196284.0000,2,0.605933,1,-1.909700,8.889021,1.176726,0.548416,23.105458
2014-05-08,sz.000338,3.4823101200,3.5420304000,3.4761321600,3.4864287600,3.4905474000,4827735,82373285.0000,2,0.497167,1,-0.118000,8.878532,1.175338,0.547769,23.078195
2014-05-09,sz.000338,3.5131999200,3.5585049600,3.4864287600,3.5523270000,3.4864287600,6619277,113208317.0000,2,0.681662,1,1.890100,9.046348,1.197553,0.558123,23.514404
2014-05-12,sz.000338,3.5688015600,3.6676489200,3.5688015600,3.6408777600,3.5523270000,12834298,226026896.0000,2,1.321694,1,2.492800,9.271852,1.227405,0.572035,24.100560
2014-05-13,sz.000338,3.6470557200,3.6491150400,3.5790981600,3.5935134000,3.6408777600,7647334,133764521.0000,2,0.787533,1,-1.300900,9.151234,1.211438,0.564594,23.787035
2014-05-14,sz.000338,3.5914540800,3.6079286400,3.5646829200,3.5790981600,3.5935134000,5771826,100466370.0000,2,0.594391,1,-0.401200,9.114524,1.206578,0.562329,23.691614
2014-05-15,sz.000338,3.5832168000,3.5955727200,3.5379117600,3.5379117600,3.5790981600,4892544,84708969.0000,2,0.503841,1,-1.150700,9.009639,1.192694,0.555858,23.418983
2014-05-16,sz.000338,3.5358524400,3.5832168000,3.5317338000,3.5790981600,3.5379117600,5058905,87350530.0000,2,0.520973,1,1.164100,9.114524,1.206578,0.562329,23.691614
2014-05-19,sz.000338,3.5667422400,3.5667422400,3.5049626400,3.5337931200,3.5790981600,4409523,75597686.0000,2,0.454099,1,-1.265800,8.999150,1.191305,0.555211,23.391720
2014-05-20,sz.000338,3.5379117600,3.5790981600,3.5379117600,3.5482083600,3.5337931200,4254930,73571820.0000,2,0.438179,1,0.407900,9.035860,1.196165,0.557476,23.487141
2014-05-21,sz.000338,3.5482083600,3.6017506800,3.5214372000,3.5976320400,3.5482083600,4498752,78181113.0000,2,0.463288,1,1.392900,9.161722,1.212826,0.565241,23.814298
2014-05-22,sz.000338,3.6079286400,3.6223438800,3.5461490400,3.5523270000,3.5976320400,6192591,108004354.0000,2,0.637722,1,-1.259300,9.046348,1.197553,0.558123,23.514404
2014-05-23,sz.000338,3.5564456400,3.5976320400,3.5523270000,3.5811574800,3.5523270000,5272807,91737953.0000,2,0.543001,1,0.811600,9.119768,1.207272,0.562652,23.705246
2014-05-26,sz.000338,3.6202845600,3.6202845600,3.5770388400,3.5935134000,3.5811574800,4730751,82658050.0000,2,0.487179,1,0.345000,9.151234,1.211438,0.564594,23.787035
2014-05-27,sz.000338,3.5852761200,3.6079286400,3.5790981600,3.5832168000,3.5935134000,3291303,57429361.0000,2,0.338943,1,-0.286500,9.125012,1.207967,0.562976,23.718877
2014-05-28,sz.000338,3.5832168000,3.6264625200,3.5605642800,3.6244032000,3.5832168000,6509535,113872164.0000,2,0.670361,1,1.149400,9.229898,1.221851,0.569447,23.991508
2014-05-29,sz.000338,3.6223438800,3.6635302800,3.6079286400,3.6141066000,3.6244032000,8377900,148030615.0000,2,0.862768,1,-0.284100,9.203676,1.218380,0.567829,23.923350
2014-05-30,sz.000338,3.6161659200,3.6305811600,3.5749795200,3.5873354400,3.6141066000,4770168,83393498.0000,2,0.491239,1,-0.740700,9.135501,1.209355,0.563623,23.746140
2014-06-03,sz.000338,3.6058693200,3.6532336800,3.6058693200,3.6079286400,3.5873354400,5937601,104587904.0000,2,0.611462,1,0.574100,9.187943,1.216297,0.566859,23.882456
2014-06-04,sz.000338,3.6038100000,3.6326404800,3.5893947600,3.6099879600,3.6079286400,6744739,118095676.0000,2,0.694583,1,0.057100,9.193188,1.216992,0.567182,23.896087
2014-06-05,sz.000338,3.6099879600,3.6346998000,3.5976320400,3.6346998000,3.6099879600,6924554,121602869.0000,2,0.713100,1,0.684500,9.256119,1.225323,0.571065,24.059666
2014-06-06,sz.000338,3.6408777600,3.6408777600,3.5852761200,3.6017506800,3.6346998000,5971188,104599838.0000,2,0.614921,1,-0.906500,9.172211,1.214215,0.565888,23.841561
2014-06-09,sz.000338,3.5914540800,3.6141066000,3.5646829200,3.6058693200,3.6017506800,6146481,107392254.0000,2,0.632973,1,0.114400,9.182699,1.215603,0.566535,23.868824
2014-06-10,sz.000338,3.6079286400,3.6573523200,3.5996913600,3.6429370800,3.6058693200,7428551,131110486.0000,2,0.765003,1,1.028000,9.277096,1.228099,0.572359,24.114192
2014-06-11,sz.000338,3.6367591200,3.6594116400,3.6285218400,3.6573523200,3.6429370800,6340977,112331854.0000,2,0.653003,1,0.395700,9.313806,1.232959,0.574624,24.209613
2014-06-13,sz.000338,3.7088353200,3.7664962800,3.6800048400,3.7232505600,3.6573523200,13366409,242053136.0000,2,1.376491,1,1.801800,9.481622,1.255175,0.584977,24.645822
2014-06-16,sz.000338,3.7623776400,3.7747335600,3.7150132800,3.7376658000,3.7232505600,9436402,171436892.0000,2,0.971774,1,0.387200,9.518332,1.260034,0.587242,24.741243
2014-06-17,sz.000338,3.7314878400,3.7438437600,3.6614709600,3.6800048400,3.7376658000,7942173,142421494.0000,2,0.817896,1,-1.542700,9.371493,1.240596,0.578183,24.359559
2014-06-18,sz.000338,3.6800048400,3.6964794000,3.6491150400,3.6552930000,3.6800048400,5482126,97734701.0000,2,0.564557,1,-0.671500,9.308561,1.232265,0.574300,24.195981
2014-06-19,sz.000338,3.6552930000,3.6800048400,3.5893947600,3.6017506800,3.6552930000,5875153,103920529.0000,2,0.605031,1,-1.464800,9.172211,1.214215,0.565888,23.841561
2014-06-20,sz.000338,3.6017506800,3.6346998000,3.6017506800,3.6264625200,3.6017506800,5487856,96553123.0000,2,0.565147,1,0.686100,9.235142,1.222546,0.569770,24.005139
2014-06-23,sz.000338,3.6367591200,3.6655896000,3.6161659200,3.6346998000,3.6264625200,4935771,87306686.0000,2,0.508293,1,0.227100,9.256119,1.225323,0.571065,24.059666
2014-06-24,sz.000338,3.6388184400,3.6429370800,3.6161659200,3.6244032000,3.6346998000,5607913,98788674.0000,2,0.577511,1,-0.283300,9.229898,1.221851,0.569447,23.991508
2014-06-25,sz.000338,3.6244032000,3.6244032000,3.5914540800,3.5955727200,3.6244032000,4559438,79780854.0000,2,0.469537,1,-0.795500,9.156478,1.212132,0.564917,23.800666
2014-06-26,sz.000338,3.5955727200,3.6470557200,3.5955727200,3.6346998000,3.5955727200,4823065,85017605.0000,2,0.496686,1,1.088200,9.256119,1.225323,0.571065,24.059666
2014-06-27,sz.000338,3.6388184400,3.6532336800,3.6120472800,3.6346998000,3.6346998000,5208526,91844653.0000,2,0.536381,1,0.000000,9.256119,1.225323,0.571065,24.059666
2014-06-30,sz.000338,3.6244032000,3.6882421200,3.6244032000,3.6635302800,3.6346998000,6236474,110934080.0000,2,0.642241,1,0.793200,9.329538,1.235042,0.575594,24.250507
2014-07-01,sz.000338,3.6635302800,3.6758862000,3.6285218400,3.6449964000,3.6635302800,5888733,104173900.0000,2,0.606430,1,-0.505900,9.282340,1.228794,0.572682,24.127823
2014-07-02,sz.000338,3.6449964000,3.6717675600,3.6285218400,3.6655896000,3.6449964000,6569422,116466160.0000,2,0.676528,1,0.565000,9.334783,1.235736,0.575918,24.264139
2014-07-03,sz.000338,3.6655896000,3.6964794000,3.6552930000,3.6800048400,3.6655896000,6785827,121339556.0000,2,0.698814,1,0.393300,9.371493,1.240596,0.578183,24.359559
2014-07-04,sz.000338,3.6861828000,3.7232505600,3.6697082400,3.7108946400,3.6800048400,8514119,153067360.0000,2,0.876796,1,0.839400,9.450156,1.251009,0.583036,24.564033
2014-07-07,sz.000338,3.7129539600,3.7356064800,3.6779455200,3.6861828000,3.7108946400,7696460,138446510.0000,2,0.792592,1,-0.665900,9.387225,1.242678,0.579153,24.400454
2014-07-08,sz.000338,3.6841234800,3.6964794000,3.6408777600,3.6697082400,3.6861828000,6757720,120297152.0000,2,0.695919,1,-0.446900,9.345271,1.237124,0.576565,24.291402
2014-07-09,sz.000338,3.6635302800,3.6738268800,3.6367591200,3.6367591200,3.6697082400,7593784,134930562.0000,2,0.782018,1,-0.897900,9.261363,1.226017,0.571388,24.073297
2014-07-10,sz.000338,3.6367591200,3.6491150400,3.6202845600,3.6429370800,3.6367591200,4795525,84690545.0000,2,0.493850,1,0.169900,9.277096,1.228099,0.572359,24.114192
2014-07-11,sz.000338,3.6449964000,3.6738268800,3.6244032000,3.6346998000,3.6429370800,9960294,176211440.0000,2,1.025725,1,-0.226100,9.256119,1.225323,0.571065,24.059666
2014-07-14,sz.000338,3.6388184400,3.7829708400,3.6264625200,3.7561996800,3.6346998000,16938306,306372432.0000,2,1.744330,1,3.342800,9.565530,1.266282,0.590154,24.863926
2014-07-15,sz.000338,3.8303352000,3.8632843200,3.7767928800,3.7994454000,3.7561996800,22195727,411867904.0000,2,2.285747,1,1.151300,9.675660,1.280861,0.596949,25.150189
2014-07-16,sz.000338,3.8076826800,3.8406318000,3.7623776400,3.7809115200,3.7994454000,11834731,218219008.0000,2,1.218757,1,-0.487800,9.628461,1.274613,0.594037,25.027505
2014-07-17,sz.000338,3.7829708400,3.8509284000,3.7726742400,3.8488690800,3.7809115200,15826309,293391184.0000,2,1.629815,1,1.797400,9.801522,1.297523,0.604714,25.477346
2014-07-18,sz.000338,3.8282758800,3.9394791600,3.8220979200,3.8818182000,3.8488690800,20757271,390967600.0000,2,2.137613,1,0.856100,9.885430,1.308631,0.609891,25.695450
2014-07-21,sz.000338,3.9085893600,3.9271232400,3.8509284000,3.8529877200,3.8818182000,13050146,246429797.0000,2,1.343922,1,-0.742700,9.812010,1.298911,0.605361,25.504609
2014-07-22,sz.000338,3.8509284000,3.9271232400,3.8200386000,3.9003520800,3.8529877200,14505429,273904112.0000,2,1.493789,1,1.229300,9.932628,1.314879,0.612803,25.818134
2014-07-23,sz.000338,3.9024114000,4.0589197200,3.9024114000,4.0136146800,3.9003520800,24303134,473054544.0000,2,2.502771,1,2.903900,10.221063,1.353062,0.630598,26.567869
2014-07-24,sz.000338,4.0259706000,4.0671570000,3.9847842000,4.0465638000,4.0136146800,22315360,436469648.0000,2,2.298067,1,0.820900,10.304971,1.364169,0.635775,26.785973
2014-07-25,sz.000338,4.1001061200,4.2133687200,4.0568604000,4.1948348400,4.0465638000,28482952,572953520.0000,2,2.933214,1,3.664100,10.682558,1.414154,0.659070,27.767444
2014-07-28,sz.000338,4.2319026000,4.2978008400,4.1742416400,4.2524958000,4.1948348400,30865539,634521744.0000,2,3.178576,1,1.374600,10.829397,1.433593,0.668129,28.149127
2014-07-29,sz.000338,4.2421992000,4.2669110400,4.1907162000,4.2216060000,4.2524958000,20997110,430942096.0000,2,2.162312,1,-0.726400,10.750733,1.423179,0.663276,27.944654
2014-07-30,sz.000338,4.2010128000,4.3183940400,4.1927755200,4.2586737600,4.2216060000,20052573,414971264.0000,2,2.065042,1,0.878100,10.845130,1.435675,0.669100,28.190022
2014-07-31,sz.000338,4.2524958000,4.2545551200,4.1845382400,4.2504364800,4.2586737600,20392831,417375936.0000,2,2.100082,1,-0.193400,10.824153,1.432898,0.667806,28.135496
2014-08-01,sz.000338,4.2463178400,4.3142754000,4.1968941600,4.1968941600,4.2504364800,18391091,378981152.0000,2,1.893940,1,-1.259700,10.687802,1.414848,0.659394,27.781076
2014-08-04,sz.000338,4.1804196000,4.3060381200,4.1742416400,4.2998601600,4.1968941600,18758517,387176160.0000,2,1.931778,1,2.453400,10.950015,1.449560,0.675571,28.462653
2014-08-05,sz.000338,4.3060381200,4.3616397600,4.2689703600,4.3225126800,4.2998601600,20297196,425959600.0000,2,2.090234,1,0.526800,11.007702,1.457197,0.679130,28.612599
2014-08-06,sz.000338,4.2916228800,4.3451652000,4.2421992000,4.3101567600,4.3225126800,14913596,311217200.0000,2,1.535823,1,-0.285800,10.976236,1.453031,0.677189,28.530810
2014-08-07,sz.000338,4.2936822000,4.3389872400,4.2030721200,4.2051314400,4.3101567600,14923678,309794832.0000,2,1.536861,1,-2.436700,10.708779,1.417625,0.660688,27.835602
2014-08-08,sz.000338,4.2010128000,4.2648517200,4.1824789200,4.2277839600,4.2051314400,13979653,286299088.0000,2,1.439644,1,0.538700,10.766466,1.425262,0.664247,27.985549
2014-08-11,sz.000338,4.2463178400,4.4048854800,4.2463178400,4.4007668400,4.2277839600,27998194,589556544.0000,2,2.883293,1,4.091600,11.206984,1.483577,0.691425,29.130598
2014-08-12,sz.000338,4.3657584000,4.3884109200,4.3266313200,4.3636990800,4.4007668400,17369572,367130064.0000,2,1.788743,1,-0.842300,11.112587,1.471081,0.685601,28.885230
2014-08-13,sz.000338,4.3884109200,4.4172414000,4.3307499600,4.3760550000,4.3636990800,13105293,277873376.0000,2,1.349601,1,0.283100,11.144052,1.475247,0.687542,28.967019
2014-08-14,sz.000338,4.3904702400,4.4172414000,4.2566144400,4.2586737600,4.3760550000,17804462,374602272.0000,2,1.833528,1,-2.682400,10.845130,1.435675,0.669100,28.190022
2014-08-15,sz.000338,4.2730890000,4.3472245200,4.2648517200,4.3060381200,4.2586737600,11314032,236612231.0000,2,1.165135,1,1.112200,10.965748,1.451643,0.676542,28.503547
2014-08-18,sz.000338,4.3122160800,4.3554618000,4.3019194800,4.3307499600,4.3060381200,13519960,284160112.0000,2,1.392304,1,0.573900,11.028679,1.459974,0.680424,28.667126
2014-08-19,sz.000338,4.3328092800,4.3492838400,4.2627924000,4.3019194800,4.3307499600,12843494,268193276.0000,2,1.322641,1,-0.665700,10.955259,1.450254,0.675895,28.476284
2014-08-20,sz.000338,4.2978008400,4.2998601600,4.2566144400,4.2627924000,4.3019194800,14249830,295613776.0000,2,1.467467,1,-0.909500,10.855618,1.437064,0.669747,28.217285
2014-08-21,sz.000338,4.2524958000,4.2586737600,4.1412925200,4.1783602800,4.2627924000,16158894,328448320.0000,2,1.664065,1,-1.980700,10.640603,1.408600,0.656482,27.658392
2014-08-22,sz.000338,4.1721823200,4.2071907600,4.1598264000,4.1989534800,4.1783602800,11188044,227239686.0000,2,1.152160,1,0.492800,10.693046,1.415543,0.659717,27.794707
2014-08-25,sz.000338,4.2113094000,4.2133687200,4.1433518400,4.1680636800,4.1989534800,8785858,177944752.0000,2,0.904780,1,-0.735700,10.614382,1.405129,0.654864,27.590234
2014-08-26,sz.000338,4.1598264000,4.1886568800,4.1289366000,4.1495298000,4.1680636800,9154383,184725032.0000,2,0.942731,1,-0.444700,10.567184,1.398881,0.651952,27.467550
2014-08-27,sz.000338,4.1702877000,4.2595028100,4.1640633900,4.2034840200,4.1495400000,11537574,234224475.0000,2,1.188155,1,1.300000,10.624871,1.406518,0.655511,27.617497
2014-08-28,sz.000338,4.1993344800,4.2553532700,4.1806615500,4.2387551100,4.2034840200,12074576,245984331.0000,2,1.243457,1,0.839100,10.714023,1.418319,0.661011,27.849233
2014-08-29,sz.000338,4.2325308000,4.2574280400,4.1993344800,4.2491289600,4.2387551100,9048090,184624755.0000,2,0.931785,1,0.244700,10.740244,1.421791,0.662629,27.917391
2014-09-01,sz.000338,4.2636523500,4.2885495900,4.2325308000,4.2678018900,4.2491289600,15204711,312732768.0000,2,1.565802,1,0.439500,7.832501,1.302489,0.668696,9.643082
2014-09-02,sz.000338,4.2947739000,4.3051477500,4.2221569500,4.2968486700,4.2678018900,21076334,432612816.0000,2,2.170470,1,0.680600,7.885809,1.311354,0.673247,9.708714
2014-09-03,sz.000338,4.2989234400,4.4047367100,4.2864748200,4.3839890100,4.2968486700,24250525,510208432.0000,2,2.497353,1,2.028000,8.045733,1.337949,0.686900,9.905607
2014-09-04,sz.000338,4.3777647000,4.3860637800,4.3258954500,4.3694656200,4.3839890100,15122614,317314544.0000,2,1.557348,1,-0.331300,8.019079,1.333516,0.684625,9.872791
2014-09-05,sz.000338,4.3881385500,4.4068114800,4.3362693000,4.3756899300,4.3694656200,18709669,393697232.0000,2,1.926748,1,0.142500,8.030503,1.335416,0.685600,9.886855
2014-09-09,sz.000338,4.3839890100,4.4088862500,4.3528674600,4.3798394700,4.3756899300,17461695,368704080.0000,2,1.798230,1,0.094800,8.038118,1.336682,0.686250,9.896231
2014-09-10,sz.000338,4.3570170000,4.3632413100,4.2968486700,4.3030729800,4.3798394700,19587412,407347520.0000,2,2.017139,1,-1.752700,7.897232,1.313254,0.674222,9.722777
2014-09-11,sz.000338,4.2968486700,4.3424936100,4.2304560300,4.2366803400,4.3030729800,23682238,488629152.0000,2,2.438830,1,-1.542900,7.775385,1.292992,0.663819,9.572763
2014-09-12,sz.000338,4.2159326400,4.2698766600,4.2076335600,4.2574280400,4.2366803400,14085953,287639056.0000,2,1.450591,1,0.489700,7.813462,1.299324,0.667070,9.619643
2014-09-15,sz.000338,4.2512037300,4.2512037300,4.1972597100,4.2346055700,4.2574280400,15430398,314080480.0000,2,1.589044,1,-0.536100,7.771577,1.292358,0.663494,9.568075
2014-09-16,sz.000338,4.2429046500,4.2657271200,4.1599138500,4.1619886200,4.2346055700,17258896,351417920.0000,2,1.777345,1,-1.714800,7.638306,1.270196,0.652116,9.403998
2014-09-17,sz.000338,4.1619886200,4.1889606300,4.0955959800,4.1350166100,4.1619886200,16775849,334450384.0000,2,1.727600,1,-0.648100,7.588806,1.261965,0.647890,9.343055
2014-09-18,sz.000338,4.1287923000,4.1640633900,4.1080446000,4.1391661500,4.1350166100,11330533,226165482.0000,2,1.166834,1,0.100400,7.596421,1.263231,0.648540,9.352430
2014-09-19,sz.000338,4.1370913800,4.2200821800,4.1329418400,4.2055587900,4.1391661500,12436203,251363469.0000,2,1.280698,1,1.604000,7.718269,1.283494,0.658943,9.502444
2014-09-22,sz.000338,4.2034840200,4.2034840200,4.1225679900,4.1329418400,4.2055587900,10702090,213814680.0000,2,1.102116,1,-1.726700,7.584998,1.261332,0.647565,9.338367
2014-09-23,sz.000338,4.1391661500,4.1848110900,4.1287923000,4.1785867800,4.1329418400,10345287,207363720.0000,2,1.065372,1,1.104400,7.668768,1.275262,0.654717,9.441501
2014-09-24,sz.000338,4.1785867800,4.2408298800,4.1516147700,4.2325308000,4.1785867800,14639683,296706928.0000,2,1.507615,1,1.291000,7.767769,1.291725,0.663169,9.563388
2014-09-25,sz.000338,4.2553532700,4.2636523500,4.1972597100,4.2055587900,4.2325308000,16145073,328960304.0000,2,1.662642,1,-0.637300,7.718269,1.283494,0.658943,9.502444
2014-09-26,sz.000338,4.1972597100,4.2263064900,4.1868858600,4.2014092500,4.2055587900,8709618,176464150.0000,2,0.896929,1,-0.098700,7.710653,1.282227,0.658293,9.493069
2014-09-29,sz.000338,4.2221569500,4.2449794200,4.1848110900,4.2076335600,4.2014092500,18974973,384511296.0000,2,1.954069,1,0.148200,7.722076,1.284127,0.659268,9.507132
2014-09-30,sz.000338,4.2076335600,4.2346055700,4.1910354000,4.2076335600,4.2076335600,13213734,267982724.0000,2,1.360769,1,0.000000,7.722076,1.284127,0.659268,9.507132
2014-10-08,sz.000338,4.2180074100,4.2844000500,4.1910354000,4.2823252800,4.2076335600,23056953,470220832.0000,2,2.374437,1,1.775100,7.859155,1.306922,0.670971,9.675898
2014-10-09,sz.000338,4.2864748200,4.3072225200,4.2242317200,4.2532785000,4.2823252800,16943779,348089024.0000,2,1.744894,1,-0.678300,7.805847,1.298057,0.666420,9.610267
2014-10-10,sz.000338,4.2408298800,4.3279702200,4.2283812600,4.2761009700,4.2532785000,26221536,541693024.0000,2,2.700330,1,0.536600,7.847732,1.305022,0.669996,9.661834
2014-10-13,sz.000338,4.2657271200,4.2657271200,4.1599138500,4.1931101700,4.2761009700,17897526,362239328.0000,2,1.843112,1,-1.940800,7.695422,1.279694,0.656993,9.474317
2014-10-14,sz.000338,4.1827363200,4.2180074100,4.1661381600,4.1785867800,4.1931101700,12188337,245948481.0000,2,1.255172,1,-0.346400,7.668768,1.275262,0.654717,9.441501
2014-10-15,sz.000338,4.1889606300,4.2138578700,4.1350166100,4.1993344800,4.1785867800,17214680,346656992.0000,2,1.772792,1,0.496500,7.706846,1.281594,0.657968,9.488381
2014-10-16,sz.000338,4.1682129300,4.2014092500,4.1453904600,4.1516147700,4.1993344800,13799794,277548432.0000,2,1.421122,1,-1.136400,7.619268,1.267030,0.650491,9.380558
2014-10-17,sz.000338,4.1433156900,4.1806615500,4.0665492000,4.1184184500,4.1516147700,14896715,295695760.0000,2,1.534085,1,-0.799600,7.558344,1.256899,0.645290,9.305551
2014-10-20,sz.000338,4.1329418400,4.1723624700,4.1184184500,4.1578390800,4.1184184500,9578694,191701847.0000,2,0.986427,1,0.957200,7.630691,1.268930,0.651466,9.394622
2014-10-21,sz.000338,4.1578390800,4.1619886200,4.1246427600,4.1287923000,4.1578390800,8415457,168047485.0000,2,0.866636,1,-0.698600,7.577383,1.260065,0.646915,9.328991
2014-10-22,sz.000338,4.1412409200,4.1661381600,4.1225679900,4.1350166100,4.1287923000,10060580,200668475.0000,2,1.036053,1,0.150800,7.588806,1.261965,0.647890,9.343055
2014-10-23,sz.000338,4.1391661500,4.1599138500,4.0727735100,4.0831473600,4.1350166100,12530234,248501852.0000,2,1.290381,1,-1.254400,7.493613,1.246135,0.639763,9.225856
2014-10-24,sz.000338,4.0998374200,4.1040081600,4.0602153900,4.0664715000,4.0831544600,7071184,138370233.0000,2,0.728200,1,-0.408600,7.425074,1.234737,0.633912,9.141473
2014-10-27,sz.000338,4.0456178000,4.0456178000,3.9622030000,3.9893128100,4.0664715000,10294577,196970640.0000,2,1.060150,1,-1.897400,7.284187,1.211309,0.621884,8.968020
2014-10-28,sz.000338,4.0039104000,4.0810690900,3.9976542900,4.0789837200,3.9893128100,10743693,208293304.0000,2,1.106401,1,2.247800,7.447920,1.238536,0.635862,9.169601
2014-10-29,sz.000338,4.0831544600,4.1895083300,4.0789837200,4.1561424100,4.0789837200,15874165,315535600.0000,2,1.634744,1,1.891600,7.588806,1.261965,0.647890,9.343055
2014-10-30,sz.000338,4.1665692600,4.1790814800,4.1248618600,4.1603131500,4.1561424100,13157964,262173341.0000,2,1.355026,1,0.100400,7.596421,1.263231,0.648540,9.352430
2014-10-31,sz.000338,4.1707400000,4.2437279500,4.1603131500,4.2395572100,4.1603131500,25966973,525350592.0000,2,2.674115,1,1.904800,7.652668,1.308388,0.571469,7.924370
2014-11-03,sz.000338,4.2499840600,4.2854353500,4.2041059200,4.2166181400,4.2395572100,21737935,442965312.0000,2,2.238603,1,-0.541100,7.611261,1.301309,0.568377,7.881494
2014-11-04,sz.000338,4.2124474000,4.3917892200,4.1895083300,4.3146305300,4.2166181400,40615279,843727488.0000,2,4.182618,1,2.324400,7.788180,1.331557,0.581588,8.064693
2014-11-05,sz.000338,4.3313134900,4.4022160700,4.2333011000,4.2854353500,4.3146305300,29342032,604639904.0000,2,3.021683,1,-0.676700,7.735481,1.322547,0.577653,8.010123
2014-11-06,sz.000338,4.2812646100,4.2916914600,4.2020205500,4.2478986900,4.2854353500,15312192,310854080.0000,2,1.576871,1,-0.875900,7.667724,1.310963,0.572593,7.939962
2014-11-07,sz.000338,4.2416425800,4.3104597900,4.2020205500,4.2374718400,4.2478986900,21060598,429647664.0000,2,2.168850,1,-0.245500,7.648903,1.307745,0.571188,7.920472
2014-11-10,sz.000338,4.3000329400,4.3855331100,4.2604109100,4.3855331100,4.2374718400,37695357,784615888.0000,2,3.881921,1,3.494100,7.916163,1.353439,0.591146,8.197221
2014-11-11,sz.000338,4.4314112500,4.5169114200,4.2812646100,4.3396549700,4.3855331100,48235822,1019632416.0000,2,4.967392,1,-1.046100,7.833350,1.339280,0.584961,8.111468
2014-11-12,sz.000338,4.3292281200,4.4939723500,4.3042036800,4.4877162400,4.3396549700,41637593,881639728.0000,2,4.287897,1,3.411800,8.100610,1.384974,0.604919,8.388217
2014-11-13,sz.000338,4.4960577200,4.5544480800,4.4439234700,4.5064845700,4.4877162400,34101537,736483920.0000,2,3.511824,1,0.418200,8.134488,1.390766,0.607449,8.423297
2014-11-14,sz.000338,4.5002284600,4.5523627100,4.4272405100,4.5294236400,4.5064845700,32951310,711009840.0000,2,3.393372,1,0.509000,8.175895,1.397845,0.610541,8.466174
2014-11-17,sz.000338,4.5544480800,4.5919847400,4.3938745900,4.3980453300,4.5294236400,29054849,622201328.0000,2,2.992109,1,-2.900500,7.938749,1.357300,0.592832,8.220608
2014-11-18,sz.000338,4.3563379300,4.3771916300,4.2750085000,4.3062890500,4.3980453300,24857905,513830160.0000,2,2.559902,1,-2.086300,7.773123,1.328983,0.580464,8.049102
2014-11-19,sz.000338,4.3000329400,4.3521671900,4.3000329400,4.3083744200,4.3062890500,15508388,321658800.0000,2,1.597075,1,0.048400,7.776887,1.329626,0.580745,8.053000
2014-11-20,sz.000338,4.2875207200,4.3313134900,4.2604109100,4.2979475700,4.3083744200,10876224,223867339.0000,2,1.039708,1,-0.242000,7.758066,1.326409,0.579340,8.033510
2014-11-21,sz.000338,4.3062890500,4.3584233000,4.2750085000,4.3542525600,4.2979475700,17745069,367172032.0000,2,1.696332,1,1.310000,7.859700,1.343785,0.586929,8.138753
2014-11-24,sz.000338,4.4001307000,4.5231675300,4.3605086700,4.4647771700,4.3542525600,35592507,761284608.0000,2,3.402449,1,2.538300,8.059204,1.377895,0.601827,8.345340
2014-11-25,sz.000338,4.4543503200,4.5002284600,4.4314112500,4.4793747600,4.4647771700,22665981,484935760.0000,2,2.166744,1,0.326900,8.085553,1.382400,0.603795,8.372625
2014-11-26,sz.000338,4.4898016100,4.5085699400,4.4418381000,4.4814601300,4.4793747600,19936160,426914976.0000,2,1.905788,1,0.046600,8.089318,1.383043,0.604076,8.376523
2014-11-27,sz.000338,4.4960577200,4.5148260500,4.4230697700,4.4772893900,4.4814601300,26085209,558498768.0000,2,2.493603,1,-0.093100,8.081789,1.381756,0.603514,8.368727
2014-11-28,sz.000338,4.4752040200,4.5586188200,4.4022160700,4.5502773400,4.4772893900,30793010,658062288.0000,2,2.943644,1,1.630200,8.213537,1.404281,0.613352,8.505153
2014-12-01,sz.000338,4.5711310400,4.8297169200,4.5711310400,4.6774849100,4.5502773400,50289413,1135596064.0000,2,4.807393,1,2.795600,8.443155,1.443539,0.630499,8.742923
2014-12-02,sz.000338,4.6503751000,4.8380584000,4.6211799200,4.8109485900,4.6774849100,45038332,1023740176.0000,2,4.305418,1,2.853300,8.684065,1.484728,0.648489,8.992387
2014-12-03,sz.000338,4.8255461800,4.9736074500,4.7045947200,4.7546436000,4.8109485900,56767715,1315744432.0000,2,5.426683,1,-1.170400,8.582431,1.467352,0.640900,8.887144
2014-12-04,sz.000338,4.7671558200,4.9548391200,4.7650704500,4.9360707900,4.7546436000,51499061,1198330448.0000,2,4.923029,1,3.815800,8.909918,1.523343,0.665355,9.226259
2014-12-05,sz.000338,4.9381561600,5.0028026300,4.6462043600,4.7942656300,4.9360707900,57031968,1323601904.0000,2,5.451945,1,-2.872800,8.653951,1.479579,0.646240,8.961204
2014-12-08,sz.000338,4.7692411900,5.2613885100,4.7087654600,5.2238518500,4.7942656300,73481044,1778167776.0000,2,7.024386,1,8.960400,9.429381,1.612156,0.704146,9.764165
2014-12-09,sz.000338,5.1508639000,5.7180845400,5.1258394600,5.1425224200,5.2238518500,99672363,2595849344.0000,2,9.528133,1,-1.556900,9.282577,1.587057,0.693184,9.612148
2014-12-10,sz.000338,5.1529492700,5.4636694000,5.1529492700,5.4219620000,5.1425224200,55761008,1427449952.0000,2,5.330448,1,5.433900,9.786983,1.673296,0.730850,10.134463
2014-12-11,sz.000338,5.4198766300,5.6471819600,5.2759861000,5.4073644100,5.4219620000,46157233,1208818176.0000,2,4.412379,1,-0.269200,9.760633,1.668791,0.728883,10.107177
2014-12-12,sz.000338,5.4198766300,5.4761816200,5.3051812800,5.3510594200,5.4073644100,28462543,731073344.0000,2,2.720864,1,-1.041300,9.658999,1.651414,0.721293,10.001935
2014-12-15,sz.000338,5.3156081300,5.4365595900,5.1884005600,5.4011083000,5.3510594200,30534225,774281360.0000,2,2.918905,1,0.935300,9.749340,1.666860,0.728039,10.095484
2014-12-16,sz.000338,5.3739984900,5.4803523600,5.3406325700,5.4198766300,5.4011083000,31264312,810771632.0000,2,2.988697,1,0.347500,9.783218,1.672652,0.730569,10.130565
2014-12-17,sz.000338,5.4344742200,5.4594986600,5.2447055500,5.3051812800,5.4198766300,30952572,791739616.0000,2,2.958897,1,-2.116200,9.576186,1.637255,0.715109,9.916182
2014-12-18,sz.000338,5.3176935000,5.5637671600,5.3176935000,5.5429134600,5.3051812800,45851047,1206798288.0000,2,4.383110,1,4.481100,10.005308,1.710623,0.747154,10.360539
2014-12-19,sz.000338,5.5533403100,5.9015971000,5.3990229300,5.7931578600,5.5429134600,67631742,1832622576.0000,2,6.465225,1,4.514700,10.457015,1.787852,0.780886,10.828283
2014-12-22,sz.000338,5.8765726600,6.1017926200,5.5929623400,5.6367551100,5.7931578600,59600815,1657452880.0000,2,5.697512,1,-2.699800,10.174698,1.739584,0.759803,10.535943
2014-12-23,sz.000338,5.6304990000,5.6304990000,5.3760838600,5.3990229300,5.6367551100,34992967,924300688.0000,2,3.345136,1,-4.217500,9.745576,1.666216,0.727758,10.091586
2014-12-24,sz.000338,5.4157058900,5.4636694000,5.2363640700,5.3281203500,5.3990229300,31353425,805091152.0000,2,2.997216,1,-1.313200,9.617593,1.644335,0.718201,9.959058
2014-12-25,sz.000338,5.3781692300,5.7347675000,5.3781692300,5.6284136300,5.3281203500,46354651,1241718736.0000,2,4.431251,1,5.636000,10.159641,1.737010,0.758679,10.520352
2014-12-26,sz.000338,5.6722064000,5.7451943500,5.5700232700,5.6868039900,5.6284136300,42568702,1157977776.0000,2,4.069335,1,1.037400,10.265039,1.755030,0.766550,10.629492
2014-12-29,sz.000338,5.6909747300,5.9099385800,5.6346697400,5.7076576900,5.6868039900,42865776,1189501008.0000,2,4.097734,1,0.366700,10.302681,1.761465,0.769361,10.668471
2014-12-30,sz.000338,5.6930601000,5.7869017500,5.5637671600,5.5887916000,5.7076576900,33570339,908409600.0000,2,3.209141,1,-2.082600,10.088121,1.724782,0.753338,10.446292
2014-12-31,sz.000338,5.6263282600,5.7556212000,5.5908769700,5.6909747300,5.5887916000,29744252,810136784.0000,2,2.843388,1,1.828400,10.272568,1.756317,0.767112,10.637288
2015-01-05,sz.000338,5.7514504600,6.1726952000,5.7201699100,6.0851096600,5.6909747300,70495279,2026692544.0000,2,6.738964,1,6.925600,10.984006,1.877953,0.820239,11.373985
2015-01-06,sz.000338,6.0267193000,6.5042690300,5.9662435700,6.2456831500,6.0851096600,73058700,2193695760.0000,2,6.984013,1,2.638800,11.273851,1.927508,0.841884,11.674121
2015-01-07,sz.000338,6.2978174000,6.3791468300,6.0746828100,6.2310855600,6.2456831500,43486703,1293941696.0000,2,4.157091,1,-0.233700,11.247502,1.923003,0.839916,11.646836
2015-01-08,sz.000338,6.2310855600,6.2435977800,6.0100363400,6.0308900400,6.2310855600,35299098,1028747872.0000,2,3.374401,1,-3.212800,10.886136,1.861220,0.812931,11.272641
2015-01-09,sz.000338,5.9975241200,6.2102318600,5.9433045000,5.9787557900,6.0308900400,37459402,1094791984.0000,2,3.580914,1,-0.864500,10.792031,1.845130,0.805903,11.175194
2015-01-12,sz.000338,5.9433045000,5.9453898700,5.7285113900,5.8348652600,5.9787557900,34669523,968280928.0000,2,3.314217,1,-2.406700,10.532299,1.800724,0.786508,10.906241
2015-01-13,sz.000338,5.8327798900,5.9370483900,5.7973286000,5.8682311800,5.8348652600,20157157,568034832.0000,2,1.926914,1,0.571800,10.592527,1.811021,0.791005,10.968607
2015-01-14,sz.000338,5.8724019200,5.9078532100,5.7347675000,5.7785602700,5.8682311800,23219942,646084128.0000,2,2.219700,1,-1.528100,10.430665,1.783347,0.778918,10.800998
2015-01-15,sz.000338,5.7785602700,5.9954387500,5.7014015800,5.9829265300,5.7785602700,27246612,765095456.0000,2,2.604627,1,3.536600,10.799559,1.846417,0.806465,11.182990
2015-01-16,sz.000338,5.9912680100,6.0454876300,5.8974263600,5.9724996800,5.9829265300,28419752,812984992.0000,2,2.716773,1,-0.174300,10.780738,1.843199,0.805060,11.163500
2015-01-19,sz.000338,5.6304990000,5.7347675000,5.3760838600,5.3760838600,5.9724996800,52178467,1388430768.0000,2,4.987976,1,-9.986000,9.704170,1.659137,0.724666,10.048709
2015-01-20,sz.000338,5.4678401400,5.5491695700,5.3844253400,5.4886938400,5.3760838600,29727211,781196832.0000,2,2.841759,1,2.094600,9.907438,1.693890,0.739846,10.259194
2015-01-21,sz.000338,5.4949499500,5.7243406500,5.4553279200,5.7118284300,5.4886938400,35613807,957744096.0000,2,3.404485,1,4.065300,10.310210,1.762753,0.769923,10.676266
2015-01-22,sz.000338,5.7118284300,5.7618773100,5.6346697400,5.7180845400,5.7118284300,22535187,615440192.0000,2,2.154241,1,0.109500,10.321502,1.764683,0.770766,10.687960
2015-01-23,sz.000338,5.7347675000,5.7743895300,5.6304990000,5.6430112200,5.7180845400,23060662,628649552.0000,2,2.204473,1,-1.312900,10.185990,1.741515,0.760647,10.547637
2015-01-26,sz.000338,5.6325843700,5.7347675000,5.6054745600,5.7347675000,5.6430112200,19781027,539831312.0000,2,1.890958,1,1.626000,10.351616,1.769832,0.773015,10.719143
2015-01-27,sz.000338,5.7514504600,5.8140115600,5.6138160400,5.7055723200,5.7347675000,28425234,780278736.0000,2,2.717297,1,-0.509100,10.298917,1.760822,0.769080,10.664573
2015-01-28,sz.000338,5.6617795500,5.6847186200,5.5887916000,5.5971330800,5.7055723200,21381971,576804352.0000,2,2.044000,1,-1.900600,10.103177,1.727356,0.754463,10.461884
2015-01-29,sz.000338,5.5491695700,5.5637671600,5.4407303300,5.4740962500,5.5971330800,21035993,554263248.0000,2,2.010926,1,-2.198200,9.881088,1.689385,0.737878,10.231909
2015-01-30,sz.000338,5.5262305000,5.5408280900,5.4219620000,5.4720108800,5.4740962500,15614916,410759680.0000,2,1.492701,1,-0.038100,9.877324,1.688741,0.737597,10.228011
2015-02-02,sz.000338,5.3948521900,5.4803523600,5.3552301600,5.3906814500,5.4720108800,14464889,374784352.0000,2,1.382764,1,-1.486300,9.730519,1.663642,0.726634,10.075994
2015-02-03,sz.000338,5.4594986600,5.5116329100,5.3906814500,5.4991206900,5.3906814500,14566799,380865680.0000,2,1.392506,1,2.011600,9.926259,1.697108,0.741251,10.278684
2015-02-04,sz.000338,5.5032914300,5.6242428900,5.5032914300,5.5116329100,5.4991206900,18442223,492099856.0000,2,1.762976,1,0.227500,9.948844,1.700969,0.742938,10.302071
2015-02-05,sz.000338,5.6117306700,5.6263282600,5.4052790400,5.4198766300,5.5116329100,15827652,419241872.0000,2,1.513037,1,-1.664800,9.783218,1.672652,0.730569,10.130565
2015-02-06,sz.000338,5.4136205200,5.4574132900,5.2884983200,5.3114373900,5.4198766300,15296919,393982656.0000,2,1.462302,1,-2.000800,9.587479,1.639186,0.715952,9.927875
2015-02-09,sz.000338,5.3072666500,5.3093520200,5.1842298200,5.2363640700,5.3114373900,15545567,390853600.0000,2,1.486071,1,-1.413400,9.451967,1.616017,0.705833,9.787552
2015-02-10,sz.000338,5.2363640700,5.3468886800,5.2134250000,5.3322910900,5.2363640700,11830625,301046672.0000,2,1.130943,1,1.831900,9.625121,1.645622,0.718763,9.966854
2015-02-11,sz.000338,5.3343764600,5.4428157000,5.3343764600,5.3865107100,5.3322910900,10329657,267358943.0000,2,0.987459,1,1.016800,9.722991,1.662355,0.726072,10.068199
2015-02-12,sz.000338,5.4115351500,5.4303034800,5.3406325700,5.4011083000,5.3865107100,9125878,235830092.0000,2,0.872384,1,0.271000,9.749340,1.666860,0.728039,10.095484
2015-02-13,sz.000338,5.4282181100,5.5741940100,5.4282181100,5.4907792100,5.4011083000,17498334,462666736.0000,2,1.672745,1,1.660200,9.911202,1.694534,0.740127,10.263092
2015-02-16,sz.000338,5.4907792100,5.6033891900,5.4740962500,5.5783647500,5.4907792100,12265202,325725008.0000,2,1.172486,1,1.595100,10.069299,1.721564,0.751933,10.426803
2015-02-17,sz.000338,5.5992184500,5.6930601000,5.5992184500,5.6096453000,5.5783647500,15555086,420752624.0000,2,1.486981,1,0.560700,10.125763,1.731217,0.756149,10.485271
2015-02-25,sz.000338,5.6430112200,5.6513527000,5.5324866100,5.5470842000,5.6096453000,14279987,381827840.0000,2,1.365089,1,-1.115200,10.012836,1.711910,0.747716,10.368335
2015-02-26,sz.000338,5.5262305000,5.6617795500,5.4532425500,5.6617795500,5.5470842000,23620618,632131408.0000,2,2.258002,1,2.067700,10.219868,1.747307,0.763177,10.582718
2015-02-27,sz.000338,5.6596941800,5.6826332500,5.5908769700,5.6075599300,5.6617795500,16163176,436281312.0000,2,1.545111,1,-0.957600,10.121999,1.730574,0.755868,10.481373
2015-03-02,sz.000338,5.6555234400,5.7201699100,5.6304990000,5.6555234400,5.6075599300,25617755,695916656.0000,2,2.448917,1,0.855300,10.208576,1.745376,0.762333,10.571024
2015-03-03,sz.000338,5.6722064000,5.6742917700,5.4761816200,5.4782669900,5.6555234400,27060643,721175808.0000,2,2.586850,1,-3.134200,9.888617,1.690672,0.738440,10.239705
2015-03-04,sz.000338,5.5158036500,5.5595964200,5.4845231000,5.5324866100,5.4782669900,16991739,450102880.0000,2,1.624317,1,0.989700,9.986487,1.707405,0.745749,10.341050
2015-03-05,sz.000338,5.5304012400,5.5345719800,5.3865107100,5.4365595900,5.5324866100,21496746,560784960.0000,2,2.054971,1,-1.733900,9.813332,1.677801,0.732818,10.161748
2015-03-06,sz.000338,5.4323888500,5.4720108800,5.3990229300,5.4198766300,5.4365595900,11990710,312436896.0000,2,1.146246,1,-0.306900,9.783218,1.672652,0.730569,10.130565
2015-03-09,sz.000338,5.3760838600,5.4949499500,5.2884983200,5.4907792100,5.4198766300,18401974,475023584.0000,2,1.759128,1,1.308200,9.911202,1.694534,0.740127,10.263092
2015-03-10,sz.000338,5.4845231000,5.5220597600,5.4532425500,5.4699255100,5.4907792100,13541069,356183664.0000,2,1.294452,1,-0.379800,9.873560,1.688098,0.737316,10.224114
2015-03-11,sz.000338,5.4845231000,5.5387427200,5.4657547700,5.4845231000,5.4699255100,16006258,422317728.0000,2,1.530111,1,0.266900,9.899909,1.692603,0.739283,10.251399
2015-03-12,sz.000338,5.4907792100,5.6263282600,5.4866084700,5.6242428900,5.4845231000,25948544,692746720.0000,2,2.480539,1,2.547500,10.152112,1.735722,0.758117,10.512556
2015-03-13,sz.000338,5.6471819600,5.6680356600,5.5804501200,5.5971330800,5.6242428900,21021548,565747856.0000,2,2.009545,1,-0.482000,10.103177,1.727356,0.754463,10.461884
2015-03-16,sz.000338,5.6179867800,5.7139138000,5.5721086400,5.7118284300,5.5971330800,32213643,874525440.0000,2,3.079448,1,2.049200,10.310210,1.762753,0.769923,10.676266
2015-03-17,sz.000338,5.7347675000,5.9933533800,5.7034869500,5.9745850500,5.7118284300,65026040,1832989808.0000,2,6.216134,1,4.600200,10.784502,1.843843,0.805341,11.167398
2015-03-18,sz.000338,5.9808411600,6.0162924500,5.8932556200,5.9975241200,5.9745850500,38392773,1096243936.0000,2,3.670139,1,0.383900,10.825909,1.850922,0.808433,11.210275
2015-03-19,sz.000338,5.9850119000,5.9954387500,5.8682311800,5.9120239500,5.9975241200,32212119,916976336.0000,2,3.079303,1,-1.425600,10.671575,1.824536,0.796908,11.050462
2015-03-20,sz.000338,5.9182800600,5.9996094900,5.8536335900,5.9453898700,5.9120239500,31544077,897544064.0000,2,3.015441,1,0.564400,10.731803,1.834833,0.801406,11.112828
2015-03-23,sz.000338,5.9808411600,6.0955365100,5.9808411600,6.0538291100,5.9453898700,38173494,1104817680.0000,2,3.649177,1,1.823900,10.927543,1.868299,0.816023,11.315517
2015-03-24,sz.000338,6.0559144800,6.0642559600,5.8181823000,5.9266215400,6.0538291100,45945955,1306717440.0000,2,4.392182,1,-2.101300,10.697925,1.829041,0.798876,11.077747
2015-03-25,sz.000338,5.9266215400,6.3791468300,5.8828287700,6.2665368500,5.9266215400,70313541,2099163248.0000,2,6.721590,1,5.735400,11.311493,1.933944,0.844694,11.713100
2015-03-26,sz.000338,6.2561100000,6.5230373600,6.1726952000,6.3395248000,6.2665368500,53259164,1631819872.0000,2,5.091285,1,1.164700,11.443241,1.956469,0.854533,11.849525
2015-03-27,sz.000338,6.3603785000,6.3958297900,6.2269148200,6.3478662800,6.3395248000,35423611,1072902736.0000,2,3.386304,1,0.131600,11.458298,1.959043,0.855657,11.865117
2015-03-30,sz.000338,6.4187688600,6.9505382100,6.4166834900,6.7148914000,6.3478662800,53554863,1727338432.0000,2,5.119552,1,5.781900,12.120802,2.072312,0.905130,12.551142
2015-03-31,sz.000338,6.8817210000,6.9275991400,6.4855007000,6.5230373600,6.7148914000,73006740,2328367968.0000,2,6.979045,1,-2.857100,12.446686,1.926171,0.785292,16.045046
2015-04-01,sz.000338,6.5355495800,6.7107206600,6.5355495800,6.6419034500,6.5230373600,46241100,1466777728.0000,2,4.420397,1,1.822200,12.673496,1.961271,0.799602,16.337427
2015-04-02,sz.000338,6.6940377000,6.7232328800,6.5564032800,6.6314766000,6.6419034500,39138052,1241917920.0000,2,3.741384,1,-0.157000,12.653601,1.958192,0.798346,16.311780
2015-04-03,sz.000338,6.6064521600,6.7774525000,6.5584886500,6.7232328800,6.6314766000,45762378,1466731872.0000,2,4.374633,1,1.383700,12.828682,1.985286,0.809393,16.537478
2015-04-07,sz.000338,6.7774525000,7.0130993100,6.7774525000,6.9004893300,6.7232328800,63399325,2101799200.0000,2,6.060629,1,2.636500,13.166907,2.037628,0.830732,16.973484
2015-04-08,sz.000338,6.9442821000,7.0068432000,6.7357451000,6.8566965600,6.9004893300,51829164,1709385136.0000,2,4.954585,1,-0.634600,13.083346,2.024697,0.825460,16.865765
2015-04-09,sz.000338,6.8566965600,6.9588796900,6.6314766000,6.7482573200,6.8566965600,52751520,1712251632.0000,2,5.042757,1,-1.581500,12.876431,1.992676,0.812405,16.599031
2015-04-10,sz.000338,6.7482573200,6.8984039600,6.6940377000,6.8629526700,6.7482573200,41477935,1357292784.0000,2,3.965064,1,1.699600,13.095283,2.026544,0.826213,16.881153
2015-04-13,sz.000338,6.9025747000,7.4030635000,6.8170745300,7.2987950000,6.8629526700,77247374,2619158624.0000,2,7.384427,1,6.350700,13.926919,2.155243,0.878683,17.953217
2015-04-14,sz.000338,7.2445753800,7.4572831200,7.1549044700,7.2508314900,7.2987950000,57773255,2026252544.0000,2,5.522808,1,-0.657100,13.835399,2.141080,0.872909,17.835239
2015-04-15,sz.000338,7.2362339000,7.2362339000,6.9025747000,6.9275991400,7.2508314900,50138458,1691651568.0000,2,4.792963,1,-4.457900,13.218636,2.045633,0.833996,17.040168
2015-04-16,sz.000338,6.9025747000,7.1403068800,6.7482573200,6.9880748700,6.9275991400,46757685,1558361008.0000,2,4.469779,1,0.873000,13.334030,2.063491,0.841276,17.188923
2015-04-17,sz.000338,7.0485506000,7.3279901800,7.0214407900,7.2091240900,6.9880748700,69544403,2383092736.0000,2,6.648065,1,3.163200,13.755817,2.128764,0.867888,17.732649
2015-04-20,sz.000338,7.2362339000,7.4260025700,6.9880748700,7.0172700500,7.2091240900,79017607,2721065712.0000,2,7.553652,1,-2.661300,13.389738,2.072112,0.844791,17.260736
2015-04-21,sz.000338,7.0193554200,7.2091240900,7.0193554200,7.2007826100,7.0172700500,45325969,1549517824.0000,2,4.332915,1,2.615100,13.739900,2.126301,0.866884,17.712131
2015-04-22,sz.000338,7.2779413000,7.3947220200,7.2132948300,7.3321609200,7.2007826100,61059415,2137718432.0000,2,5.836946,1,1.824500,13.990585,2.165095,0.882700,18.035289
2015-04-23,sz.000338,7.3592707300,7.3780390600,7.1653313200,7.2112094600,7.3321609200,52540036,1824863120.0000,2,5.022540,1,-1.649600,13.759796,2.129380,0.868139,17.737778
2015-04-24,sz.000338,7.0902580000,7.1486483600,6.9130015500,7.0130993100,7.2112094600,51937857,1751431776.0000,2,4.964975,1,-2.747300,13.381780,2.070880,0.844289,17.250477
2015-04-27,sz.000338,7.0381237500,7.1882703900,7.0360383800,7.1027702200,7.0130993100,45677848,1555257808.0000,2,4.366553,1,1.278600,13.552882,2.097359,0.855084,17.471045
2015-04-28,sz.000338,7.0923433700,7.0923433700,6.7795378700,6.8212452700,7.1027702200,52612106,1743248144.0000,2,5.029430,1,-3.963600,13.015701,2.014228,0.821192,16.778564
2015-04-29,sz.000338,6.6731840000,6.7440865800,6.4646470000,6.7023791800,6.8212452700,46869997,1494966880.0000,2,4.480516,1,-1.742600,14.061607,2.034158,0.797853,19.571522
2015-04-30,sz.000338,6.7023791800,6.7962208300,6.5564032800,6.5710008700,6.7023791800,49283023,1567290832.0000,2,4.711188,1,-1.960200,13.785975,1.994285,0.782213,19.187886
2015-05-04,sz.000338,6.5647447600,6.6898669600,6.5313788400,6.6273058600,6.5710008700,33539156,1064146320.0000,2,3.206160,1,0.856900,13.904103,2.011373,0.788916,19.352301
2015-05-05,sz.000338,6.6231351200,6.6231351200,6.2435977800,6.2644514800,6.6273058600,58282371,1790104416.0000,2,5.571476,1,-5.475100,13.142834,1.901248,0.745722,18.292735
2015-05-06,sz.000338,6.3040735100,6.3979151600,6.1414146500,6.1768659400,6.2644514800,42771829,1290855808.0000,2,4.088753,1,-1.398100,12.959079,1.874665,0.735295,18.036978
2015-05-07,sz.000338,6.1872927900,6.3499516500,6.1872927900,6.2978174000,6.1768659400,32853851,987889728.0000,2,3.140649,1,1.958100,13.212836,1.911374,0.749694,18.390167
2015-05-08,sz.000338,6.3249272100,6.3708053500,6.2310855600,6.3290979500,6.2978174000,48614150,1468592960.0000,2,4.647247,1,0.496700,13.278462,1.920868,0.753417,18.481509
2015-05-11,sz.000338,6.3812322000,6.5042690300,6.3311833200,6.4938421800,6.3290979500,61550988,1891112032.0000,2,5.883938,1,2.603000,13.624096,1.970867,0.773028,18.962576
2015-05-12,sz.000338,6.4980129200,6.4980129200,6.3854029400,6.4667323700,6.4938421800,42545559,1316341776.0000,2,4.067123,1,-0.417500,13.567220,1.962639,0.769801,18.883413
2015-05-13,sz.000338,6.4688177400,6.5230373600,6.4083420100,6.4729884800,6.4667323700,41236104,1275551296.0000,2,3.941946,1,0.096700,13.580345,1.964538,0.770546,18.901681
2015-05-14,sz.000338,6.4688177400,6.5000982900,6.3290979500,6.3666346100,6.4729884800,35767851,1096401040.0000,2,3.419211,1,-1.643000,13.357214,1.932260,0.757886,18.591119
2015-05-15,sz.000338,6.3270125800,6.3270125800,6.1476707600,6.1789513100,6.3666346100,42708250,1271198816.0000,2,4.082675,1,-2.947900,12.963454,1.875298,0.735544,18.043068
2015-05-18,sz.000338,6.1518415000,6.2957320300,6.0997072500,6.1893781600,6.1789513100,30112595,898826624.0000,2,2.878600,1,0.168800,12.985330,1.878463,0.736785,18.073515
2015-05-19,sz.000338,6.2206587100,6.4938421800,6.2206587100,6.4875860700,6.1893781600,53972364,1659052608.0000,2,5.159463,1,4.818100,13.610971,1.968968,0.772284,18.944307
2015-05-20,sz.000338,6.5063544000,6.6481595600,6.4896714400,6.5146958800,6.4875860700,57663314,1817275200.0000,2,5.512298,1,0.417900,13.667847,1.977196,0.775511,19.023470
2015-05-21,sz.000338,6.5146958800,6.6669278900,6.4646470000,6.6502449300,6.5146958800,49465688,1562022288.0000,2,4.728650,1,2.080700,13.952230,2.018335,0.791647,19.419285
2015-05-22,sz.000338,6.6773547400,6.8566965600,6.6773547400,6.8170745300,6.6502449300,62063972,2017939584.0000,2,5.932977,1,2.508600,14.302238,2.068967,0.811506,19.906442
2015-05-25,sz.000338,6.8233306400,6.9859895000,6.8233306400,6.9421967300,6.8170745300,59526522,1977855552.0000,2,5.690410,1,1.835400,14.564745,2.106942,0.826401,20.271810
2015-05-26,sz.000338,6.9859895000,7.0235261600,6.8358428600,6.9943309800,6.9421967300,70605592,2351447792.0000,2,6.749509,1,0.751000,14.674123,2.122764,0.832607,20.424046
2015-05-27,sz.000338,7.0026724600,7.0235261600,6.8149891600,6.8566965600,6.9943309800,66170305,2185095632.0000,2,6.325520,1,-1.967800,14.385366,2.080993,0.816223,20.022142
2015-05-28,sz.000338,6.8608673000,7.0193554200,6.4667323700,6.4813299600,6.8566965600,78443474,2563413680.0000,2,7.498768,1,-5.474500,13.597846,1.967070,0.771539,18.926039
2015-05-29,sz.000338,6.4813299600,6.5751716100,6.1935489000,6.4229396000,6.4813299600,50164977,1542369040.0000,2,4.795498,1,-0.900900,13.475342,1.949348,0.764588,18.755534
2015-06-01,sz.000338,6.4354518200,6.7357451000,6.4354518200,6.7169767700,6.4229396000,44576359,1415758080.0000,2,4.261256,1,4.577900,14.092233,2.038588,0.799590,19.614148
2015-06-02,sz.000338,6.8817210000,7.3884659100,6.8400136000,7.3884659100,6.7169767700,125864764,4379689984.0000,2,12.031984,1,9.996900,15.501019,2.242383,0.879525,21.574954
2015-06-03,sz.000338,7.5970029100,7.6428810500,7.2278924200,7.3759536900,7.3884659100,104881741,3740479104.0000,2,10.026121,1,-0.169400,15.474768,2.238586,0.878035,21.538417
2015-06-04,sz.000338,7.3759536900,7.3759536900,6.7253182500,7.2424900100,7.3759536900,69256444,2367164528.0000,2,6.620538,1,-1.809400,15.194761,2.198080,0.862148,21.148692
2015-06-05,sz.000338,7.2883681500,7.5949175400,7.2445753800,7.3842951700,7.2424900100,82573452,2931696800.0000,2,7.893571,1,1.958000,15.492269,2.241118,0.879028,21.562775
2015-06-08,sz.000338,7.3842951700,7.5031612600,7.1090263300,7.4197464600,7.3842951700,81565628,2863813808.0000,2,7.797228,1,0.480100,15.566646,2.251877,0.883248,21.666296
2015-06-09,sz.000338,7.4030635000,7.6741616000,7.2570876000,7.5782345800,7.4197464600,98963891,3569980208.0000,2,9.460407,1,2.136000,15.899154,2.299978,0.902115,22.129095
2015-06-10,sz.000338,7.4656246000,7.5698931000,7.3530146200,7.4322586800,7.5782345800,66179091,2369738752.0000,2,6.326360,1,-1.926300,15.592896,2.255674,0.884738,21.702832
2015-06-11,sz.000338,7.4051488700,7.4051488700,7.2591729700,7.3780390600,7.4322586800,57001429,2001537920.0000,2,5.449025,1,-0.729500,15.479143,2.239219,0.878283,21.544507
2015-06-12,sz.000338,7.3801244300,7.5386125500,7.3008803700,7.4718807100,7.3780390600,73651989,2628771536.0000,2,7.040728,1,1.271900,15.676023,2.267700,0.889454,21.818532
2015-06-15,sz.000338,7.5156734800,7.8201375000,7.4218318300,7.6658201200,7.4718807100,104142332,3802364320.0000,2,9.955438,1,2.595600,16.082909,2.326560,0.912541,22.384852
2015-06-16,sz.000338,7.5490394000,7.6095151300,7.2174655700,7.2737705600,7.6658201200,70216401,2497549472.0000,2,6.712304,1,-5.114200,15.260388,2.207574,0.865871,21.240034
2015-06-17,sz.000338,7.2487461200,7.3780390600,6.9505382100,7.3238194400,7.2737705600,51504276,1779517936.0000,2,4.923527,1,0.688100,15.365390,2.222763,0.871829,21.386181
2015-06-18,sz.000338,7.2967096300,7.3300755500,6.8858917400,6.9213430300,7.3238194400,45140410,1548289088.0000,2,4.315177,1,-5.495400,14.520994,2.100613,0.823918,20.210915
2015-06-19,sz.000338,6.8400136000,6.9609650600,6.4229396000,6.4396225600,6.9213430300,46773358,1503001424.0000,2,4.471277,1,-6.959900,13.510343,1.954412,0.766574,18.804250
2015-06-23,sz.000338,6.4667323700,6.7732817600,6.3603785000,6.7670256500,6.4396225600,49613272,1571743568.0000,2,4.742758,1,5.084200,14.197236,2.053778,0.805548,19.760295
2015-06-24,sz.000338,6.8087330500,6.9421967300,6.7545134300,6.9025747000,6.7670256500,49592004,1628612960.0000,2,4.740725,1,2.003100,14.481618,2.094917,0.821684,20.156110
2015-06-25,sz.000338,6.9609650600,6.9755626500,6.4938421800,6.6106229000,6.9025747000,44380966,1445788688.0000,2,4.242578,1,-4.229600,13.869102,2.006310,0.786930,19.303586
2015-06-26,sz.000338,6.4646470000,6.5584886500,5.9495606100,6.0621705900,6.6106229000,65486369,1959410976.0000,2,6.260139,1,-8.296500,12.718448,1.839856,0.721642,17.702058
2015-06-29,sz.000338,6.2873905500,6.3812322000,5.4845231000,6.0183778200,6.0621705900,61018834,1768873472.0000,2,5.833067,1,-0.722400,12.626571,1.826565,0.716429,17.574179
2015-06-30,sz.000338,6.0308900400,6.6106229000,5.7264260200,6.6022814200,6.0183778200,62125044,1852662832.0000,2,5.938815,1,9.702000,13.851602,2.003778,0.785937,19.279228
2015-07-01,sz.000338,6.5689155000,6.7399158400,6.2352563000,6.2561100000,6.6022814200,51836618,1612385824.0000,2,4.955297,1,-5.243200,13.125334,1.898716,0.744729,18.268378
2015-07-02,sz.000338,6.2581953700,6.3979151600,5.7347675000,5.7994139700,6.2561100000,47826348,1391130400.0000,2,4.571938,1,-7.300000,12.167184,1.760110,0.690364,16.934786
2015-07-03,sz.000338,5.7347675000,5.9391337600,5.2196811100,5.2196811100,5.7994139700,60320440,1583115232.0000,2,5.766305,1,-9.996400,10.950903,1.584162,0.621352,15.241916
2015-07-06,sz.000338,5.7389382400,5.7389382400,4.7546436000,5.1300102000,5.2196811100,69194672,1737726832.0000,2,6.614633,1,-1.717900,10.762774,1.556947,0.610678,14.980070
2015-07-07,sz.000338,4.9631806000,5.0257417000,4.6190945500,4.7525582300,5.1300102000,95607299,2197518960.0000,2,9.139535,1,-7.357700,9.970878,1.442391,0.565746,13.877877
2015-07-08,sz.000338,4.2770938700,4.4168136600,4.2770938700,4.2770938700,4.7525582300,81401309,1677034016.0000,2,7.781520,1,-10.004400,8.973353,1.298089,0.509146,12.489481
2015-07-09,sz.000338,4.2770938700,4.7045947200,3.9663737400,4.7045947200,4.2770938700,55801880,1207045680.0000,2,5.334355,1,9.995100,9.870251,1.427834,0.560036,13.737820
2015-07-10,sz.000338,4.8818511700,5.1758883400,4.8818511700,5.1758883400,4.7045947200,45849109,1124825152.0000,2,4.382924,1,10.017700,10.859026,1.570871,0.616139,15.114038
2015-07-13,sz.000338,5.3802546000,5.6930601000,5.2759861000,5.6930601000,5.1758883400,70691024,1869288048.0000,2,6.757676,1,9.991900,11.944054,1.727831,0.677703,16.624224
2015-07-14,sz.000338,5.6263282600,5.8995117300,5.4219620000,5.4720108800,5.6930601000,64995649,1747616064.0000,2,6.213229,1,-3.882800,11.480292,1.660743,0.651389,15.978741
2015-07-15,sz.000338,5.2134250000,5.3135227600,4.9256439400,4.9256439400,5.4720108800,54465433,1325554752.0000,2,5.206598,1,-9.984800,10.334013,1.494922,0.586350,14.383303
2015-07-16,sz.000338,4.6107530700,5.1091565000,4.6003262200,4.9131317200,4.9256439400,40682353,950346800.0000,2,3.889011,1,-0.254000,10.307762,1.491125,0.584860,14.346766
2015-07-17,sz.000338,4.9110463500,5.2447055500,4.8651682100,5.1675468600,4.9131317200,40442628,986252448.0000,2,3.866094,1,5.178300,10.841526,1.568339,0.615146,15.089680
2015-07-20,sz.000338,5.1300102000,5.2926690600,5.0465954000,5.1216687200,5.1675468600,40584490,1004941600.0000,2,3.879656,1,-0.887800,10.745273,1.554415,0.609685,14.955712
2015-07-21,sz.000338,5.0465954000,5.2342787000,5.0069733700,5.1967420400,5.1216687200,34876920,860502176.0000,2,3.334043,1,1.465800,10.902777,1.577200,0.618621,15.174932
2015-07-22,sz.000338,5.2134250000,5.3364618300,5.0674491000,5.1904859300,5.1967420400,41626573,1038408912.0000,2,3.979273,1,-0.120400,10.889652,1.575301,0.617877,15.156664
2015-07-23,sz.000338,5.1842298200,5.3176935000,5.0966442800,5.2989251700,5.1904859300,48305814,1211704064.0000,2,4.617772,1,2.089200,11.117158,1.608212,0.630785,15.473316
2015-07-24,sz.000338,5.3072666500,5.4407303300,5.2259372200,5.2593031400,5.2989251700,60173139,1543830928.0000,2,5.752223,1,-0.747700,11.034030,1.596187,0.626069,15.357616
2015-07-27,sz.000338,5.1717176000,5.2301079600,4.7337899000,4.7337899000,5.2593031400,51600170,1238461472.0000,2,4.932694,1,-9.992100,9.931502,1.436695,0.563511,13.823072
2015-07-28,sz.000338,4.6378628800,4.8651682100,4.2708377600,4.6232652900,4.7337899000,39399502,862934976.0000,2,3.766377,1,-2.334800,9.699622,1.403151,0.550355,13.500331
2015-07-29,sz.000338,4.6712288000,4.8443145100,4.5335943800,4.8380584000,4.6232652900,24875876,557874496.0000,2,2.377998,1,4.645900,10.150258,1.468340,0.575924,14.127545
2015-07-30,sz.000338,4.8693389500,4.8901926500,4.6920825000,4.6983386100,4.8380584000,26110857,603553216.0000,2,2.496055,1,-2.887900,9.857126,1.425936,0.559291,13.719552
2015-07-31,sz.000338,4.6503751000,4.8380584000,4.6065823300,4.6837410200,4.6983386100,22018852,499244592.0000,2,2.104882,1,-0.310700,9.826500,1.421505,0.557554,13.676925
2015-08-03,sz.000338,4.6691434300,4.6691434300,4.4835455000,4.5461066000,4.6837410200,20344874,444564752.0000,2,1.944859,1,-2.938600,9.537742,1.379734,0.541170,13.275021
2015-08-04,sz.000338,4.6086677000,4.8172047000,4.5878140000,4.7984363700,4.5461066000,23325965,527017888.0000,2,2.229835,1,5.550500,10.067131,1.456315,0.571207,14.011846
2015-08-05,sz.000338,4.7984363700,4.9548391200,4.7504728600,4.7754973000,4.7984363700,23463331,544561584.0000,2,2.242966,1,-0.478100,10.019005,1.449353,0.568476,13.944861
2015-08-06,sz.000338,4.7045947200,4.8172047000,4.6712288000,4.7400460100,4.7754973000,15942166,362167696.0000,2,1.523984,1,-0.742400,9.944628,1.438594,0.564256,13.841341
2015-08-07,sz.000338,4.7963510000,4.8630828400,4.7650704500,4.8422291400,4.7400460100,19065115,441029824.0000,2,1.822521,1,2.155700,10.159008,1.469606,0.576420,14.139724
2015-08-10,sz.000338,4.8693389500,5.0799613200,4.8547413600,5.0465954000,4.8422291400,33171075,790868512.0000,2,3.170974,1,4.220500,10.587769,1.531631,0.600748,14.736491
2015-08-11,sz.000338,5.0465954000,5.2029981500,5.0132294800,5.0883028000,5.0465954000,32815924,803214064.0000,2,3.137023,1,0.826400,10.675271,1.544289,0.605713,14.858280
2015-08-12,sz.000338,5.0257417000,5.5950477100,5.0069733700,5.3489740500,5.0883028000,54575182,1395625488.0000,2,5.217089,1,5.123000,11.222160,1.623402,0.636743,15.619463
2015-08-13,sz.000338,5.3239496100,5.3573155300,5.1425224200,5.3406325700,5.3489740500,45057187,1135565456.0000,2,4.307221,1,-0.155900,11.204660,1.620870,0.635750,15.595105
2015-08-14,sz.000338,5.3802546000,5.3969375600,5.2572177700,5.3260349800,5.3406325700,29306709,750685296.0000,2,2.801561,1,-0.273300,11.174034,1.616440,0.634012,15.552479
2015-08-17,sz.000338,5.3218642400,5.4553279200,5.2968398000,5.4177912600,5.3260349800,27408920,708627504.0000,2,2.620143,1,1.722800,11.366539,1.644288,0.644935,15.820415
2015-08-18,sz.000338,5.4428157000,5.4720108800,4.9214732000,4.9569244900,5.4177912600,38981083,974211696.0000,2,3.726379,1,-8.506500,10.399639,1.504416,0.590073,14.474644
2015-08-19,sz.000338,4.8985341300,5.1174979800,4.7713265600,5.1029003900,4.9569244900,28705769,685580256.0000,2,2.744115,1,2.944900,10.705897,1.548719,0.607450,14.900907
2015-08-20,sz.000338,5.0357520000,5.2455750000,4.9728051000,4.9937874000,5.1028953600,36389387,441296672.0000,2,1.739313,1,-2.138200,10.412765,1.506315,0.590818,14.492913
2015-08-21,sz.000338,4.9518228000,4.9853944800,4.5363732600,4.5447661800,4.9937874000,41418394,465944688.0000,2,1.979686,1,-8.991600,9.476491,1.370873,0.537694,13.189769
2015-08-24,sz.000338,4.3853007000,4.3894971600,4.0915485000,4.0915485000,4.5447661800,40648689,400189216.0000,2,1.942896,1,-9.972300,8.531467,1.234165,0.484074,11.874445
2015-08-25,sz.000338,3.6844918800,3.8817255000,3.6844918800,3.6844918800,4.0915485000,71701846,632445680.0000,2,3.427152,1,-9.948700,7.682695,1.111382,0.435915,10.693090
2015-08-26,sz.000338,3.7096706400,3.8607432000,3.3907396800,3.4494901200,3.6844918800,56868478,498606864.0000,2,2.718158,1,-6.378100,7.192683,1.040496,0.408111,10.011071
2015-08-27,sz.000338,3.4578830400,3.6467237400,3.3907396800,3.6383308200,3.4494901200,47036120,396860992.0000,2,2.248198,1,5.474500,7.586443,1.097458,0.430453,10.559122
2015-08-28,sz.000338,3.6928848000,3.9236901000,3.6593131200,3.8901184200,3.6383308200,56345686,506137744.0000,2,2.693170,1,6.920400,16.630899,1.160445,0.452144,13.902222
2015-08-31,sz.000338,3.8859219600,3.9530653200,3.6886883400,3.9530653200,3.8901184200,52010314,472623056.0000,2,2.485951,1,1.618100,16.900007,1.179223,0.459460,14.127177
2015-09-01,sz.000338,3.8775290400,4.0160122200,3.6551166600,4.0034228400,3.9530653200,73630162,675101856.0000,2,3.519321,1,1.273900,17.115294,1.194245,0.465313,14.307141
2015-09-02,sz.000338,3.8019927600,4.2510139800,3.7684210800,4.1964600000,4.0034228400,92605728,897359936.0000,2,4.426301,1,4.821800,17.940559,1.251829,0.487750,14.997003
2015-09-07,sz.000338,4.2342281400,4.3978900800,4.0453874400,4.0705662000,4.1964600000,56471421,569496160.0000,2,2.699180,1,-3.000000,17.402343,1.214274,0.473117,14.547093
2015-09-08,sz.000338,4.0202086800,4.1838706200,3.8481538200,4.1377095600,4.0705662000,38911845,371870864.0000,2,1.859880,1,1.649500,17.689392,1.234303,0.480921,14.787045
2015-09-09,sz.000338,4.1461024800,4.2384246000,4.1293166400,4.2090493800,4.1377095600,49796783,497011856.0000,2,2.380150,1,1.724100,17.994381,1.255584,0.489213,15.041994
2015-09-10,sz.000338,4.1544954000,4.1838706200,4.0286016000,4.0411909800,4.2090493800,27744179,271692416.0000,2,1.326096,1,-3.988000,17.276759,1.205511,0.469703,14.442114
2015-09-11,sz.000338,4.0202086800,4.0957449600,3.9530653200,4.0076193000,4.0411909800,20025351,192022197.0000,2,0.957157,1,-0.830700,17.133234,1.195497,0.465801,14.322138
2015-09-14,sz.000338,4.0202086800,4.0999414200,3.6509202000,3.6970812600,4.0076193000,35562941,328608592.0000,2,1.699811,1,-7.748700,15.805633,1.102861,0.429707,13.212360
2015-09-15,sz.000338,3.4746688800,3.7054741800,3.4746688800,3.5166334800,3.6970812600,28200435,239656582.0000,2,1.347904,1,-4.880800,15.034189,1.049033,0.408734,12.567489
2015-09-16,sz.000338,3.6089556000,3.8607432000,3.5376157800,3.8103856800,3.5166334800,29309436,256790282.0000,2,1.400911,1,8.353200,16.290028,1.136661,0.442877,13.617279
2015-09-17,sz.000338,3.7977963000,3.8649396600,3.6802954200,3.6844918800,3.8103856800,30430787,274178240.0000,2,1.454508,1,-3.304000,15.751811,1.099106,0.428244,13.167369
2015-09-18,sz.000338,3.7138671000,3.7516352400,3.6551166600,3.7054741800,3.6844918800,16377916,144900025.0000,2,0.782820,1,0.569500,15.841514,1.105365,0.430683,13.242354
2015-09-21,sz.000338,3.6802954200,3.8061892200,3.6299379000,3.7894033800,3.7054741800,20729327,184548209.0000,2,0.990805,1,2.265000,16.200325,1.130402,0.440438,13.542294
2015-09-22,sz.000338,3.7894033800,3.8817255000,3.7684210800,3.8439573600,3.7894033800,28799062,262585198.0000,2,1.376516,1,1.439600,16.433552,1.146675,0.446779,13.737255
2015-09-23,sz.000338,3.7935998400,3.8061892200,3.7012777200,3.7264564800,3.8439573600,21858359,195758238.0000,2,1.044770,1,-3.056800,15.931217,1.111624,0.433122,13.317339
2015-09-24,sz.000338,3.7474387800,3.7852069200,3.7180635600,3.7516352400,3.7264564800,14692151,131112763.0000,2,0.702245,1,0.675700,16.038860,1.119135,0.436048,13.407321
2015-09-25,sz.000338,3.7516352400,3.7516352400,3.5585980800,3.5879733000,3.7516352400,22303153,193673448.0000,2,1.066030,1,-4.362400,15.339178,1.070314,0.417026,12.822438
2015-09-28,sz.000338,3.6131520600,3.6677060400,3.5795803800,3.6425272800,3.5879733000,10590791,91615226.0000,2,0.506211,1,1.520500,15.572406,1.086588,0.423367,13.017399
2015-09-29,sz.000338,3.6005626800,3.6005626800,3.5250264000,3.5334193200,3.6425272800,13826341,117080565.0000,2,0.660861,1,-2.995400,15.105951,1.054040,0.410685,12.627477
2015-09-30,sz.000338,3.5418122400,3.6131520600,3.5418122400,3.5711874600,3.5334193200,10636606,90739901.0000,2,0.508401,1,1.068900,15.267416,1.065306,0.415075,12.762450
2015-10-08,sz.000338,3.8187786000,3.8187786000,3.6886883400,3.7096706400,3.5711874600,21527413,191577431.0000,2,1.028952,1,3.877800,15.859455,1.106617,0.431171,13.257351
2015-10-09,sz.000338,3.7180635600,3.7684210800,3.6928848000,3.7474387800,3.7096706400,22196349,197480762.0000,2,1.060925,1,1.018100,16.020920,1.117883,0.435560,13.392324
2015-10-12,sz.000338,3.7642246200,3.9656547000,3.7558317000,3.9362794800,3.7474387800,43334327,400559936.0000,2,2.071262,1,5.039200,16.828245,1.174216,0.457509,14.067189
2015-10-13,sz.000338,3.9027078000,3.9320830200,3.8649396600,3.9111007200,3.9362794800,29030535,269865264.0000,2,1.387580,1,-0.639700,16.720601,1.166705,0.454583,13.977207
2015-10-14,sz.000338,3.8817255000,3.9362794800,3.8355644400,3.8439573600,3.9111007200,29661059,274642816.0000,2,1.417718,1,-1.716700,16.433552,1.146675,0.446779,13.737255
2015-10-15,sz.000338,3.8397609000,3.9362794800,3.8229750600,3.9320830200,3.8439573600,35977274,333606800.0000,2,1.719615,1,2.292600,16.810304,1.172964,0.457021,14.052192
2015-10-16,sz.000338,3.9488688600,4.0202086800,3.9027078000,3.9908334600,3.9320830200,46106285,435324896.0000,2,2.203754,1,1.494100,17.061472,1.190489,0.463850,14.262150
2015-10-19,sz.000338,4.0034228400,4.0202086800,3.9278865600,3.9656547000,3.9908334600,37325527,353361520.0000,2,1.784058,1,-0.630900,16.953829,1.182978,0.460923,14.172168
2015-10-20,sz.000338,3.9741355800,4.0207903200,3.9486875400,4.0207903200,3.9656529000,34065856,320710864.0000,2,1.628255,1,1.390400,17.007650,1.186734,0.462387,14.217159
2015-10-21,sz.000338,4.0292730000,4.0292730000,3.6899658000,3.7366205400,4.0207903200,49265556,451332336.0000,2,2.354759,1,-7.067500,15.805633,1.102861,0.429707,13.212360
2015-10-22,sz.000338,3.7366205400,3.8299300200,3.6942071400,3.8214473400,3.7366205400,29163244,259262309.0000,2,1.393923,1,2.270100,16.164444,1.127898,0.439462,13.512300
2015-10-23,sz.000338,3.8384127000,3.8893087800,3.7917579600,3.8681020800,3.8214473400,35238260,318750720.0000,2,1.684293,1,1.220900,16.361790,1.141668,0.444828,13.677267
2015-10-26,sz.000338,3.9147568200,3.9783769200,3.8765847600,3.9402048600,3.8681020800,40735695,376518880.0000,2,1.947055,1,1.864000,16.666780,1.162949,0.453119,13.932216
2015-10-27,sz.000338,3.9189981600,3.9232395000,3.7790339400,3.9062741400,3.9402048600,29014156,264125179.0000,2,1.386797,1,-0.861100,16.523255,1.152934,0.449217,13.812240
2015-10-28,sz.000338,3.8893087800,3.9402048600,3.8172060000,3.8299300200,3.9062741400,28709070,261937237.0000,2,1.372215,1,-1.954400,16.200325,1.130402,0.440438,13.542294
2015-10-29,sz.000338,3.8553780600,3.8681020800,3.8044819800,3.8426540400,3.8299300200,22061615,199877442.0000,2,1.054485,1,0.332200,16.254147,1.134157,0.441901,13.587285
2015-10-30,sz.000338,3.8511367200,3.8596194000,3.7620685800,3.8129646600,3.8426540400,23941018,215396480.0000,2,1.144315,1,-0.772600,22.172201,1.143495,0.460498,9.051763
2015-11-02,sz.000338,3.7620685800,3.8129646600,3.7323792000,3.7620685800,3.8129646600,21279089,189461975.0000,2,1.017082,1,-1.334800,21.876243,1.128231,0.454351,8.930938
2015-11-03,sz.000338,3.7832752800,3.8087233200,3.7535859000,3.7747926000,3.7620685800,15487000,138088629.0000,2,0.740236,1,0.338200,21.950233,1.132047,0.455887,8.961145
2015-11-04,sz.000338,3.7917579600,3.9656529000,3.7747926000,3.9656529000,3.7747926000,54567780,501952816.0000,2,2.608191,1,5.056200,23.060076,1.189285,0.478938,9.414236
2015-11-05,sz.000338,3.9698942400,4.1437891800,3.9444462000,4.0419970200,3.9656529000,77755831,738798736.0000,2,3.716516,1,1.925100,23.504013,1.212181,0.488158,9.595473
2015-11-06,sz.000338,4.0419970200,4.1098584600,4.0038249600,4.0844104200,4.0419970200,53906366,516780320.0000,2,2.576577,1,1.049300,23.750645,1.224900,0.493280,9.696160
2015-11-09,sz.000338,4.0504797000,4.4322003000,4.0292730000,4.3176841200,4.0844104200,87670243,880105904.0000,2,4.190398,1,5.711300,25.107120,1.294858,0.521453,10.249938
2015-11-10,sz.000338,4.2667880400,4.3473735000,4.1989266000,4.3092014400,4.3176841200,61816509,621731264.0000,2,2.954660,1,-0.196500,25.057794,1.292314,0.520429,10.229801
2015-11-11,sz.000338,4.2837534000,4.3092014400,4.2243746400,4.2795120600,4.3092014400,37551480,377773424.0000,2,1.794858,1,-0.689000,24.885151,1.283411,0.516843,10.159320
2015-11-12,sz.000338,4.2710293800,4.2879947400,4.1692372200,4.2074092800,4.2795120600,40557385,403640880.0000,2,1.938532,1,-1.684800,24.465877,1.261787,0.508135,9.988152
2015-11-13,sz.000338,4.1777199000,4.3134427800,4.1565132000,4.2074092800,4.2074092800,40893738,408521952.0000,2,1.954609,1,0.000000,24.465877,1.261787,0.508135,9.988152
2015-11-16,sz.000338,4.1607545400,4.3134427800,4.1225824800,4.3134427800,4.2074092800,33092513,328763328.0000,2,1.581732,1,2.520200,25.082457,1.293586,0.520941,10.239870
2015-11-17,sz.000338,4.3473735000,4.5127857600,4.3388908200,4.3813042200,4.3134427800,65854887,687947728.0000,2,3.147684,1,1.573300,25.477068,1.313938,0.529137,10.400969
2015-11-18,sz.000338,4.3855455600,4.4194762800,4.2413400000,4.2625467000,4.3813042200,32993375,336226864.0000,2,1.576993,1,-2.710500,24.786499,1.278323,0.514794,10.119045
2015-11-19,sz.000338,4.2795120600,4.3219254600,4.2413400000,4.3092014400,4.2625467000,26720169,269574608.0000,2,1.277151,1,1.094500,25.057794,1.292314,0.520429,10.229801
2015-11-20,sz.000338,4.3092014400,4.5212684400,4.2710293800,4.4322003000,4.3092014400,56916476,589193536.0000,2,2.720452,1,2.854300,25.773026,1.329201,0.535284,10.521793
2015-11-23,sz.000338,4.4406829800,4.5212684400,4.3685802000,4.3813042200,4.4322003000,44649554,467798720.0000,2,2.134127,1,-1.148300,25.477068,1.313938,0.529137,10.400969
2015-11-24,sz.000338,4.3855455600,4.3982695800,4.2625467000,4.3304081400,4.3813042200,30443806,309461504.0000,2,1.455131,1,-1.161700,25.181110,1.298674,0.522990,10.280144
2015-11-25,sz.000338,4.3346494800,4.4194762800,4.3007187600,4.3728215400,4.3304081400,29924557,308202048.0000,2,1.430312,1,0.979400,25.427741,1.311394,0.528112,10.380831
2015-11-26,sz.000338,4.3855455600,4.4067522600,4.2922360800,4.3049601000,4.3728215400,30643185,314100832.0000,2,1.464661,1,-1.551900,25.033131,1.291043,0.519917,10.219732
2015-11-27,sz.000338,4.3007187600,4.3007187600,3.9571702200,4.0207903200,4.3049601000,43937461,433024288.0000,2,2.100091,1,-6.601000,23.380697,1.205821,0.485597,9.545129
2015-11-30,sz.000338,4.0080663000,4.1056171200,3.8214473400,3.9783769200,4.0207903200,28368631,265748171.0000,2,1.355943,1,-1.054800,23.134065,1.193101,0.480475,9.444442
2015-12-01,sz.000338,3.9826182600,4.0801690800,3.9529288800,4.0462383600,3.9783769200,22490883,213007129.0000,2,1.075003,1,1.705800,23.528676,1.213453,0.488670,9.605541
2015-12-02,sz.000338,4.0504797000,4.2201333000,4.0038249600,4.2158919600,4.0462383600,31870090,311679520.0000,2,1.523303,1,4.192900,24.515204,1.264331,0.509160,10.008290
2015-12-03,sz.000338,4.1946852600,4.2158919600,4.1565132000,4.2074092800,4.2158919600,22767458,224939166.0000,2,1.088222,1,-0.201200,24.465877,1.261787,0.508135,9.988152
2015-12-04,sz.000338,4.1819612400,4.1989266000,4.0801690800,4.1183411400,4.2074092800,24605798,240174414.0000,2,1.176090,1,-2.116900,23.947950,1.235076,0.497378,9.776709
2015-12-07,sz.000338,4.1225824800,4.3261668000,4.0928931000,4.3049601000,4.1183411400,33519851,332902480.0000,2,1.602157,1,4.531400,25.033131,1.291043,0.519917,10.219732
2015-12-08,sz.000338,4.3219254600,4.3897869000,4.1777199000,4.1862025800,4.3049601000,43321326,436967168.0000,2,2.070641,1,-2.758600,24.342561,1.255428,0.505574,9.937809
2015-12-09,sz.000338,4.1989266000,4.1989266000,4.0801690800,4.1183411400,4.1862025800,21230623,206187140.0000,2,1.014766,1,-1.621100,23.947950,1.235076,0.497378,9.776709
2015-12-10,sz.000338,4.1140998000,4.1522718600,4.0504797000,4.0632037200,4.1183411400,18024249,173930287.0000,2,0.861510,1,-1.338800,23.627329,1.218541,0.490719,9.645816
2015-12-11,sz.000338,4.0335143400,4.1056171200,4.0080663000,4.0716864000,4.0632037200,13619395,130001420.0000,2,0.650970,1,0.208800,23.676655,1.221085,0.491744,9.665954
2015-12-14,sz.000338,4.0547210400,4.1649958800,4.0250316600,4.1607545400,4.0716864000,20287117,195891233.0000,2,0.969669,1,2.187500,24.194582,1.247796,0.502501,9.877396
2015-12-15,sz.000338,4.1565132000,4.1946852600,4.1098584600,4.1649958800,4.1607545400,22169943,216856582.0000,2,1.059663,1,0.101900,24.219245,1.249068,0.503013,9.887465
2015-12-16,sz.000338,4.1777199000,4.1819612400,4.1225824800,4.1225824800,4.1649958800,15871261,155496010.0000,2,0.758603,1,-1.018300,23.972614,1.236348,0.497891,9.786778
2015-12-17,sz.000338,4.1395478400,4.2201333000,4.1395478400,4.1989266000,4.1225824800,26986896,266454599.0000,2,1.289900,1,1.851800,24.416551,1.259243,0.507111,9.968015
2015-12-18,sz.000338,4.1989266000,4.2158919600,4.1310651600,4.1565132000,4.1989266000,22655840,222749933.0000,2,1.082887,1,-1.010100,24.169919,1.246524,0.501988,9.867328
2015-12-21,sz.000338,4.1480305200,4.3092014400,4.1310651600,4.3049601000,4.1565132000,47390439,474284608.0000,2,2.265134,1,3.571400,25.033131,1.291043,0.519917,10.219732
2015-12-22,sz.000338,4.3134427800,4.3219254600,4.2498226800,4.2795120600,4.3049601000,32530774,327823440.0000,2,1.554882,1,-0.591100,24.885151,1.283411,0.516843,10.159320
2015-12-23,sz.000338,4.2795120600,4.3049601000,4.1607545400,4.1904439200,4.2795120600,44138160,441309760.0000,2,2.109683,1,-2.081300,24.367225,1.256700,0.506086,9.947877
2015-12-24,sz.000338,4.1862025800,4.2540640200,4.1649958800,4.2201333000,4.1904439200,33620023,334172416.0000,2,1.606945,1,0.708500,24.539867,1.265603,0.509672,10.018358
2015-12-25,sz.000338,4.2328573200,4.2540640200,4.1946852600,4.2201333000,4.2201333000,24998835,248354361.0000,2,1.194876,1,0.000000,24.539867,1.265603,0.509672,10.018358
2015-12-28,sz.000338,4.2328573200,4.2540640200,4.1183411400,4.1183411400,4.2201333000,32743295,323971360.0000,2,1.565040,1,-2.412100,23.947950,1.235076,0.497378,9.776709
2015-12-29,sz.000338,4.1140998000,4.1649958800,4.0971344400,4.1565132000,4.1183411400,15575309,151783639.0000,2,0.744457,1,0.926900,24.169919,1.246524,0.501988,9.867328
2015-12-30,sz.000338,4.1692372200,4.1777199000,4.1140998000,4.1480305200,4.1565132000,17158733,167702225.0000,2,0.820141,1,-0.204100,24.120593,1.243980,0.500964,9.847190
2015-12-31,sz.000338,4.1353065000,4.1607545400,4.0928931000,4.0971344400,4.1480305200,16730490,162511511.0000,2,0.799672,1,-1.227000,23.824635,1.228716,0.494817,9.726366
2016-01-04,sz.000338,4.1013757800,4.1268238200,3.7790339400,3.8129646600,4.0971344400,23454409,219521371.0000,2,1.121057,1,-6.935800,22.172201,1.143495,0.460498,9.051763
2016-01-05,sz.000338,3.6263457000,3.8850674400,3.6263457000,3.7663099200,3.8129646600,30402633,269636240.0000,2,1.453163,1,-1.223600,21.900906,1.129503,0.454863,8.941007
2016-01-06,sz.000338,3.8002406400,3.9232395000,3.7663099200,3.9020328000,3.7663099200,24463825,221743413.0000,2,1.169304,1,3.603600,22.690128,1.170206,0.471254,9.263206
2016-01-07,sz.000338,3.8468953800,3.8511367200,3.5415189000,3.5584842600,3.9020328000,7729808,67155762.0000,2,0.369464,1,-8.804300,20.692410,1.067177,0.429764,8.447641
2016-01-08,sz.000338,3.6857244600,3.7323792000,3.4991055000,3.6687591000,3.5584842600,27289146,235455458.0000,2,1.304347,1,3.098900,21.333653,1.100248,0.443082,8.709427
2016-01-11,sz.000338,3.6221043600,3.7408618800,3.5245535400,3.5330362200,3.6687591000,24814122,212782516.0000,2,1.186047,1,-3.699400,20.544431,1.059545,0.426690,8.387229
2016-01-12,sz.000338,3.5627256000,3.6051390000,3.4948641600,3.5627256000,3.5330362200,17505860,146824184.0000,2,0.836732,1,0.840300,20.717074,1.068449,0.430276,8.457709
2016-01-13,sz.000338,3.5881736400,3.6178630200,3.4991055000,3.5118295200,3.5627256000,14712361,123744057.0000,2,0.703211,1,-1.428600,20.421115,1.053185,0.424129,8.336885
2016-01-14,sz.000338,3.4312440600,3.5669669400,3.4057960200,3.5500015800,3.5118295200,22725778,187859465.0000,2,1.086230,1,1.087000,20.643084,1.064633,0.428739,8.427503
2016-01-15,sz.000338,3.5287948800,3.5500015800,3.4185200400,3.4397267400,3.5500015800,19315833,158274262.0000,2,0.923244,1,-3.106300,20.001841,1.031562,0.415421,8.165717
2016-01-18,sz.000338,3.3718653000,3.4651747800,3.3633826200,3.4270027200,3.4397267400,18789641,151537754.0000,2,0.898094,1,-0.369900,19.927852,1.027746,0.413884,8.135511
2016-01-19,sz.000338,3.4312440600,3.5415189000,3.4185200400,3.5245535400,3.4270027200,18631244,153255602.0000,2,0.890523,1,2.846500,20.495105,1.057001,0.425666,8.367091
2016-01-20,sz.000338,3.5160708600,3.5245535400,3.4439680800,3.4651747800,3.5245535400,14614426,120010365.0000,2,0.698530,1,-1.684700,20.149820,1.039194,0.418494,8.226129
2016-01-21,sz.000338,3.4354854000,3.4948641600,3.3633826200,3.3633826200,3.4651747800,17322031,140029220.0000,2,0.827946,1,-2.937600,19.557904,1.008667,0.406201,7.984480
2016-01-22,sz.000338,3.3888306600,3.4227613800,3.3506586000,3.4057960200,3.3633826200,12206059,97534647.0000,2,0.583416,1,1.261000,19.804536,1.021386,0.411323,8.085167
2016-01-25,sz.000338,3.4270027200,3.4566921000,3.4100373600,3.4439680800,3.4057960200,12221495,98832044.0000,2,0.584154,1,1.120800,20.026504,1.032834,0.415933,8.175786
2016-01-26,sz.000338,3.4185200400,3.4906228200,3.1810050000,3.3336932400,3.4439680800,24337947,193697563.0000,2,1.163287,1,-3.202000,19.385262,0.999763,0.402615,7.914000
2016-01-27,sz.000338,3.3336932400,3.3548999400,3.1385916000,3.2488664400,3.3336932400,25437623,194142078.0000,2,1.215849,1,-2.544500,18.891998,0.974324,0.392371,7.712626
2016-01-28,sz.000338,3.2403837600,3.2743144800,2.9689380000,3.0113514000,3.2488664400,20677476,154041759.0000,2,0.988327,1,-7.310700,17.510860,0.903094,0.363686,7.148778
2016-01-29,sz.000338,3.0113514000,3.0876955200,2.9731793400,3.0664888200,3.0113514000,43958914,314489888.0000,2,2.101116,1,1.831000,17.831481,0.919629,0.370345,7.279671
2016-02-01,sz.000338,3.0410407800,3.0537648000,2.9689380000,3.0071100600,3.0664888200,26657745,189290326.0000,2,1.274167,1,-1.936400,17.486197,0.901822,0.363173,7.138710
2016-02-02,sz.000338,3.0113514000,3.0792128400,3.0028687200,3.0580061400,3.0071100600,19975387,143686325.0000,2,0.954769,1,1.692500,17.782155,0.917085,0.369320,7.259534
2016-02-03,sz.000338,3.0240754200,3.0495234600,2.9901447000,3.0325581000,3.0580061400,14915766,106054774.0000,2,0.712933,1,-0.832200,17.634176,0.909454,0.366247,7.199122
2016-02-04,sz.000338,3.0410407800,3.0792128400,3.0325581000,3.0707301600,3.0325581000,18019535,130150883.0000,2,0.861285,1,1.258700,17.856144,0.920901,0.370857,7.289740
2016-02-05,sz.000338,3.0792128400,3.0876955200,3.0367994400,3.0452821200,3.0707301600,13815858,99641720.0000,2,0.660360,1,-0.828700,17.708165,0.913269,0.367783,7.229328
2016-02-15,sz.000338,2.9689380000,3.0283167600,2.9477313000,3.0071100600,3.0452821200,15636871,110123054.0000,2,0.747400,1,-1.253500,17.486197,0.901822,0.363173,7.138710
2016-02-16,sz.000338,3.0367994400,3.1301089200,3.0367994400,3.1258675800,3.0071100600,25459182,185759471.0000,2,1.216879,1,3.949200,18.176766,0.937437,0.377516,7.420633
2016-02-17,sz.000338,3.1258675800,3.1640396400,3.1004195400,3.1597983000,3.1258675800,24262074,179203820.0000,2,1.159661,1,1.085500,18.374071,0.947612,0.381614,7.501183
2016-02-18,sz.000338,3.1810050000,3.2022117000,3.1513156200,3.1513156200,3.1597983000,24564410,183959384.0000,2,1.174112,1,-0.268500,18.324745,0.945069,0.380589,7.481045
2016-02-19,sz.000338,3.1640396400,3.1852463400,3.1385916000,3.1682809800,3.1513156200,16453271,122690639.0000,2,0.786421,1,0.538400,18.423398,0.950156,0.382638,7.521320
2016-02-22,sz.000338,3.1979703600,3.2573491200,3.1767636600,3.2446251000,3.1682809800,24884693,188822542.0000,2,1.189420,1,2.409600,18.867335,0.973052,0.391858,7.702557
2016-02-23,sz.000338,3.2446251000,3.4863814800,3.1852463400,3.3930720000,3.2446251000,49626751,390714576.0000,2,2.372023,1,4.575200,19.730546,1.017570,0.409786,8.054961
2016-02-24,sz.000338,3.3336932400,3.3718653000,3.2785558200,3.3506586000,3.3930720000,27579141,216679343.0000,2,1.318208,1,-1.250000,19.483914,1.004851,0.404664,7.954274
2016-02-25,sz.000338,3.3294519000,3.3421759200,3.0367994400,3.0495234600,3.3506586000,31127412,233762770.0000,2,1.487805,1,-8.987300,17.732828,0.914541,0.368296,7.239397
2016-02-26,sz.000338,3.0664888200,3.1343502600,3.0495234600,3.1046608800,3.0495234600,18709313,136367039.0000,2,0.894254,1,1.808100,18.053450,0.931077,0.374955,7.370290
2016-02-29,sz.000338,3.0876955200,3.1004195400,2.9477313000,3.0198340800,3.1046608800,21512088,152694091.0000,2,1.028219,1,-2.732200,17.560186,0.905638,0.364710,7.168916
2016-03-01,sz.000338,3.0452821200,3.1173849000,3.0155927400,3.0961782000,3.0198340800,14557924,105207164.0000,2,0.695829,1,2.528100,18.004123,0.928533,0.373930,7.350152
2016-03-02,sz.000338,3.1004195400,3.2446251000,3.0961782000,3.2276597400,3.0961782000,23494138,176406632.0000,2,1.122956,1,4.246600,18.768682,0.967964,0.389809,7.662282
2016-03-03,sz.000338,3.2446251000,3.2955211800,3.2064530400,3.2615904600,3.2276597400,28796523,220368601.0000,2,1.376395,1,1.051200,18.965988,0.978140,0.393907,7.742832
2016-03-04,sz.000338,3.3718653000,3.5627256000,3.3718653000,3.4227613800,3.2615904600,95453829,777135536.0000,2,4.562432,1,4.941500,19.903188,1.026474,0.413372,8.125442
2016-03-07,sz.000338,3.4439680800,3.5500015800,3.3548999400,3.4227613800,3.4227613800,42501839,344215280.0000,2,2.031472,1,0.000000,19.903188,1.026474,0.413372,8.125442
2016-03-08,sz.000338,3.4057960200,3.4057960200,3.2870385000,3.3973133400,3.4227613800,27660186,218545693.0000,2,1.322081,1,-0.743500,19.755209,1.018842,0.410299,8.065030
2016-03-09,sz.000338,3.3421759200,3.3464172600,3.2700731400,3.3124865400,3.3973133400,17666763,138065036.0000,2,0.844423,1,-2.496900,19.261946,0.993403,0.400054,7.863656
2016-03-10,sz.000338,3.3167278800,3.3633826200,3.2785558200,3.2912798400,3.3124865400,18120962,142060469.0000,2,0.866132,1,-0.640200,19.138630,0.987043,0.397493,7.813313
2016-03-11,sz.000338,3.2870385000,3.3040038600,3.2488664400,3.2827971600,3.2912798400,13731248,106092902.0000,2,0.656316,1,-0.257700,19.089303,0.984499,0.396468,7.793175
2016-03-14,sz.000338,3.3252105600,3.4142787000,3.2997625200,3.3973133400,3.2827971600,26178276,208644498.0000,2,1.251250,1,3.488400,19.755209,1.018842,0.410299,8.065030
2016-03-15,sz.000338,3.3676239600,3.4142787000,3.3379345800,3.3548999400,3.3973133400,15315600,121842921.0000,2,0.732044,1,-1.248400,19.508578,1.006123,0.405176,7.964343
2016-03-16,sz.000338,3.3591412800,3.3761066400,3.3082452000,3.3209692200,3.3548999400,14388377,113375942.0000,2,0.687725,1,-1.011400,19.311272,0.995947,0.401079,7.883793
2016-03-17,sz.000338,3.3421759200,3.4057960200,3.3209692200,3.3803479800,3.3209692200,20235096,160721670.0000,2,0.967182,1,1.788000,19.656557,1.013755,0.408250,8.024755
2016-03-18,sz.000338,3.3845893200,3.4566921000,3.3718653000,3.4439680800,3.3803479800,28646876,231561810.0000,2,1.369242,1,1.882100,20.026504,1.032834,0.415933,8.175786
2016-03-21,sz.000338,3.4694161200,3.5330362200,3.4524507600,3.5033468400,3.4439680800,37748151,310773152.0000,2,1.804259,1,1.724100,20.371789,1.050641,0.423105,8.316748
2016-03-22,sz.000338,3.4863814800,3.5796909600,3.4736574600,3.5075881800,3.5033468400,32356448,269823168.0000,2,1.546550,1,0.121100,20.396452,1.051913,0.423617,8.326816
2016-03-23,sz.000338,3.4821401400,3.5075881800,3.4566921000,3.4863814800,3.5075881800,20361234,166787094.0000,2,0.973211,1,-0.604600,20.273136,1.045554,0.421056,8.276473
2016-03-24,sz.000338,3.4694161200,3.4694161200,3.3845893200,3.3930720000,3.4863814800,22155261,178943290.0000,2,1.058961,1,-2.676400,19.730546,1.017570,0.409786,8.054961
2016-03-25,sz.000338,3.3888306600,3.4142787000,3.3761066400,3.4142787000,3.3930720000,14188512,113602608.0000,2,0.678172,1,0.625000,19.853862,1.023930,0.412348,8.105305
2016-03-28,sz.000338,3.4270027200,3.4482094200,3.3548999400,3.3761066400,3.4142787000,17321477,139278699.0000,2,0.827919,1,-1.118000,19.631893,1.012483,0.407738,8.014687
2016-03-29,sz.000338,3.3718653000,3.3888306600,3.3421759200,3.3548999400,3.3761066400,14540072,115247486.0000,2,0.694976,1,-0.628100,19.508578,1.006123,0.405176,7.964343
2016-03-30,sz.000338,3.3633826200,3.4524507600,3.3633826200,3.4524507600,3.3548999400,17780024,143081538.0000,2,0.849837,1,2.907700,20.075831,1.035378,0.416958,8.195923
2016-03-31,sz.000338,3.4609334400,3.4736574600,3.4057960200,3.4270027200,3.4524507600,18543746,150193167.0000,2,0.886340,1,-0.737100,23.234129,1.018260,0.438265,62.174493
2016-04-01,sz.000338,3.4270027200,3.4482094200,3.3930720000,3.4482094200,3.4270027200,17985282,145180718.0000,2,0.859647,1,0.618800,23.377904,1.024561,0.440977,62.559236
2016-04-05,sz.000338,3.4566921000,3.5287948800,3.4566921000,3.5160708600,3.4482094200,37487753,309585568.0000,2,1.791812,1,1.968000,23.837986,1.044725,0.449655,63.790414
2016-04-06,sz.000338,3.4906228200,3.5287948800,3.4821401400,3.5075881800,3.5160708600,17490028,144621543.0000,2,0.835976,1,-0.241200,23.780476,1.042204,0.448571,63.636517
2016-04-07,sz.000338,3.5160708600,3.5500015800,3.4397267400,3.4609334400,3.5075881800,20612224,170065151.0000,2,0.985208,1,-1.330100,23.464170,1.028342,0.442604,62.790082
2016-04-08,sz.000338,3.4439680800,3.4482094200,3.3845893200,3.4057960200,3.4609334400,24385968,196047175.0000,2,1.165583,1,-1.593100,23.090353,1.011959,0.435553,61.789750
2016-04-11,sz.000338,3.4312440600,3.5118295200,3.4270027200,3.4821401400,3.4057960200,24142938,198158462.0000,2,1.153966,1,2.241600,23.607945,1.034643,0.445316,63.174825
2016-04-12,sz.000338,3.4906228200,3.5415189000,3.4863814800,3.5287948800,3.4821401400,29173622,242037554.0000,2,1.394419,1,1.339800,23.924251,1.048506,0.451283,64.021260
2016-04-13,sz.000338,3.5839323000,3.7026898200,3.5839323000,3.6475524000,3.5287948800,62765483,542219456.0000,2,3.000019,1,3.365400,24.729395,1.083792,0.466470,66.175821
2016-04-14,sz.000338,3.6942071400,3.7620685800,3.6475524000,3.6857244600,3.6475524000,33825139,294630976.0000,2,1.616749,1,1.046500,24.988191,1.095134,0.471352,66.868359
2016-04-15,sz.000338,3.6899658000,3.7408618800,3.6517937400,3.6645177600,3.6857244600,25975124,226194468.0000,2,1.241540,1,-0.575400,24.844415,1.088833,0.468640,66.483616
2016-04-18,sz.000338,3.6645177600,3.6645177600,3.5669669400,3.5796909600,3.6645177600,21976346,186103100.0000,2,1.050409,1,-2.314800,24.269313,1.063628,0.457791,64.944643
2016-04-19,sz.000338,3.6051390000,3.6390697200,3.5627256000,3.6348283800,3.5796909600,17987015,152986174.0000,2,0.859730,1,1.540300,24.643129,1.080011,0.464843,65.944976
2016-04-20,sz.000338,3.6390697200,3.6517937400,3.4482094200,3.5287948800,3.6348283800,27011505,225030329.0000,2,1.291076,1,-2.917200,23.924251,1.048506,0.451283,64.021260
2016-04-21,sz.000338,3.5075881800,3.5627256000,3.4821401400,3.4906228200,3.5287948800,14306478,118860284.0000,2,0.683811,1,-1.081700,23.665455,1.037164,0.446401,63.328722
2016-04-22,sz.000338,3.4736574600,3.5160708600,3.4609334400,3.4991055000,3.4906228200,10869399,89394456.0000,2,0.519528,1,0.243000,23.722966,1.039684,0.447486,63.482619
2016-04-25,sz.000338,3.4863814800,3.4863814800,3.3718653000,3.4354854000,3.4991055000,17522701,141493023.0000,2,0.837537,1,-1.818200,23.291639,1.020781,0.439350,62.328390
2016-04-26,sz.000338,3.4354854000,3.4566921000,3.4100373600,3.4439680800,3.4354854000,11079013,89598530.0000,2,0.529547,1,0.246900,23.349149,1.023301,0.440434,62.482287
2016-04-27,sz.000338,3.4482094200,3.4863814800,3.4397267400,3.4439680800,3.4439680800,12098538,98726084.0000,2,0.578277,1,0.000000,23.349149,1.023301,0.440434,62.482287
2016-04-28,sz.000338,3.4524507600,3.4694161200,3.3888306600,3.4057960200,3.4439680800,13827687,111501653.0000,2,0.660926,1,-1.108400,23.090353,1.011959,0.435553,61.789750
2016-04-29,sz.000338,3.3973133400,3.4312440600,3.3930720000,3.4100373600,3.4057960200,11533528,92897834.0000,2,0.551271,1,0.124500,23.119108,1.013219,0.436095,61.866698
2016-05-03,sz.000338,3.4015546800,3.4651747800,3.3930720000,3.4566921000,3.4100373600,21129008,171206528.0000,2,1.009909,1,1.368200,26.431475,1.019007,0.434168,13.288507
2016-05-04,sz.000338,3.4439680800,3.5415189000,3.4354854000,3.4948641600,3.4566921000,24086781,197786133.0000,2,1.151282,1,1.104300,26.723356,1.030260,0.438962,13.435251
2016-05-05,sz.000338,3.4778988000,3.5075881800,3.4736574600,3.4948641600,3.4948641600,14477825,119124139.0000,2,0.692000,1,0.000000,26.723356,1.030260,0.438962,13.435251
2016-05-06,sz.000338,3.4906228200,3.5118295200,3.3973133400,3.3973133400,3.4948641600,19883841,161588835.0000,2,0.950393,1,-2.791300,25.977437,1.001503,0.426709,13.060238
2016-05-09,sz.000338,3.3930720000,3.3930720000,3.2361424200,3.2573491200,3.3973133400,22470675,174507041.0000,2,1.074037,1,-4.119900,24.907206,0.960242,0.409130,12.522176
2016-05-10,sz.000338,3.2573491200,3.2870385000,3.2361424200,3.2488664400,3.2573491200,10839135,83314251.0000,2,0.518081,1,-0.260400,24.842343,0.957742,0.408064,12.489566
2016-05-11,sz.000338,3.2658318000,3.2870385000,3.2276597400,3.2573491200,3.2488664400,8721070,67027689.0000,2,0.416843,1,0.261100,24.907206,0.960242,0.409130,12.522176
2016-05-12,sz.000338,3.2361424200,3.2827971600,3.2022117000,3.2700731400,3.2573491200,9198344,70428687.0000,2,0.439656,1,0.390600,25.004499,0.963993,0.410728,12.571091
2016-05-13,sz.000338,3.2700731400,3.2955211800,3.2149357200,3.2361424200,3.2700731400,9797506,75252087.0000,2,0.468294,1,-1.037600,24.745049,0.953991,0.406466,12.440651
2016-05-16,sz.000338,3.2276597400,3.2912798400,3.2106943800,3.2912798400,3.2361424200,9863456,75730852.0000,2,0.471446,1,1.703800,25.166656,0.970245,0.413391,12.652615
2016-05-17,sz.000338,3.2870385000,3.3336932400,3.2573491200,3.2827971600,3.2912798400,9790234,75952393.0000,2,0.467946,1,-0.257700,25.101793,0.967744,0.412326,12.620005
2016-05-18,sz.000338,3.2573491200,3.2658318000,3.1640396400,3.2573491200,3.2827971600,20880896,158509330.0000,2,0.998050,1,-0.775200,24.907206,0.960242,0.409130,12.522176
2016-05-19,sz.000338,3.2319010800,3.2700731400,3.2234184000,3.2234184000,3.2573491200,9432988,72124586.0000,2,0.450871,1,-1.041700,24.647756,0.950240,0.404868,12.391736
2016-05-20,sz.000338,3.2149357200,3.2361424200,3.1810050000,3.2319010800,3.2234184000,6273363,47529873.0000,2,0.284399,1,0.263200,24.712618,0.952740,0.405933,12.424346
2016-05-23,sz.000338,3.2488664400,3.2573491200,3.2319010800,3.2446251000,3.2319010800,6470949,49524014.0000,2,0.293356,1,0.393700,24.809912,0.956491,0.407532,12.473261
2016-05-24,sz.000338,3.2403837600,3.2446251000,3.2064530400,3.2149357200,3.2446251000,7511108,57013821.0000,2,0.340511,1,-0.915000,24.582893,0.947739,0.403802,12.359127
2016-05-25,sz.000338,3.2319010800,3.2488664400,3.2022117000,3.2149357200,3.2149357200,7325907,55671108.0000,2,0.332115,1,0.000000,24.582893,0.947739,0.403802,12.359127
2016-05-26,sz.000338,3.2022117000,3.2573491200,3.1894876800,3.2488664400,3.2149357200,11185241,85120408.0000,2,0.507075,1,1.055400,24.842343,0.957742,0.408064,12.489566
2016-05-27,sz.000338,3.2446251000,3.2785558200,3.2234184000,3.2700731400,3.2488664400,11288694,86806215.0000,2,0.511765,1,0.652700,25.004499,0.963993,0.410728,12.571091
2016-05-30,sz.000338,3.2615904600,3.2827971600,3.2361424200,3.2700731400,3.2700731400,7009357,53914158.0000,2,0.317765,1,0.000000,25.004499,0.963993,0.410728,12.571091
2016-05-31,sz.000338,3.2700731400,3.3718653000,3.2615904600,3.3676239600,3.2700731400,15935823,125576667.0000,2,0.722440,1,2.983100,25.750418,0.992751,0.422980,12.946104
2016-06-01,sz.000338,3.3633826200,3.3803479800,3.3421759200,3.3464172600,3.3676239600,11729151,92902769.0000,2,0.531733,1,-0.629700,25.588262,0.986499,0.420317,12.864579
2016-06-02,sz.000338,3.3421759200,3.3464172600,3.3167278800,3.3336932400,3.3464172600,13349620,104842201.0000,2,0.605196,1,-0.380200,25.490968,0.982748,0.418719,12.815664
2016-06-03,sz.000338,3.3379345800,3.3803479800,3.3167278800,3.3633826200,3.3336932400,16122549,127380976.0000,2,0.730905,1,0.890600,25.717987,0.991500,0.422448,12.929799
2016-06-06,sz.000338,3.3676239600,3.3761066400,3.3209692200,3.3294519000,3.3633826200,10965824,86259975.0000,2,0.497128,1,-1.008800,25.458537,0.981498,0.418186,12.799359
2016-06-07,sz.000338,3.3294519000,3.3379345800,3.3124865400,3.3167278800,3.3294519000,8550845,66909304.0000,2,0.387647,1,-0.382200,25.361243,0.977747,0.416588,12.750445
2016-06-08,sz.000338,3.3124865400,3.3167278800,3.2827971600,3.2912798400,3.3167278800,11463635,89092799.0000,2,0.519696,1,-0.767300,25.166656,0.970245,0.413391,12.652615
2016-06-13,sz.000338,3.2615904600,3.2700731400,3.2022117000,3.2022117000,3.2912798400,13734605,104971695.0000,2,0.622649,1,-2.706200,24.485599,0.943988,0.402204,12.310212
2016-06-14,sz.000338,3.2022117000,3.2234184000,3.1937290200,3.2106943800,3.2022117000,6132872,46383261.0000,2,0.278030,1,0.264900,24.550462,0.946489,0.403270,12.342822
2016-06-15,sz.000338,3.1937290200,3.2785558200,3.1810050000,3.2700731400,3.2106943800,12175010,93317078.0000,2,0.551946,1,1.849400,25.004499,0.963993,0.410728,12.571091
2016-06-16,sz.000338,3.2785558200,3.2785558200,3.2149357200,3.2234184000,3.2700731400,10998855,84025263.0000,2,0.498626,1,-1.426700,24.647756,0.950240,0.404868,12.391736
2016-06-17,sz.000338,3.2276597400,3.2615904600,3.2276597400,3.2361424200,3.2234184000,11788652,90222368.0000,2,0.534431,1,0.394700,24.745049,0.953991,0.406466,12.440651
2016-06-22,sz.000338,3.3506586000,3.3718653000,3.2955211800,3.3252105600,3.2361424200,39206349,307732144.0000,2,1.777394,1,2.752300,25.426106,0.980247,0.417653,12.783054
2016-06-23,sz.000338,3.3167278800,3.3167278800,3.2615904600,3.2870385000,3.3252105600,22823363,176708254.0000,2,1.034682,1,-1.148000,25.134224,0.968995,0.412859,12.636310
2016-06-24,sz.000338,3.2743144800,3.2997625200,3.1810050000,3.2446251000,3.2870385000,19810301,151817718.0000,2,0.898087,1,-1.290300,24.809912,0.956491,0.407532,12.473261
2016-06-27,sz.000338,3.2106943800,3.2615904600,3.2106943800,3.2615904600,3.2446251000,13774913,105451854.0000,2,0.624476,1,0.522900,24.939637,0.961493,0.409662,12.538481
2016-06-28,sz.000338,3.2488664400,3.3761066400,3.2276597400,3.3591412800,3.2615904600,33938841,264018753.0000,2,1.538595,1,2.990900,25.685556,0.990250,0.421915,12.913494
2016-06-29,sz.000338,3.3294519000,3.3506586000,3.3167278800,3.3252105600,3.3591412800,18752149,147306954.0000,2,0.850116,1,-1.010100,25.426106,0.980247,0.417653,12.783054
2016-06-30,sz.000338,3.3379345800,3.3718653000,3.3040038600,3.3124865400,3.3252105600,12823356,100343783.0000,2,0.593824,1,-0.382700,25.328812,0.976496,0.416055,12.734140
2016-07-01,sz.000338,3.3209692200,3.3464172600,3.3167278800,3.3336932400,3.3124865400,16359702,128606051.0000,2,0.757584,1,0.640200,25.490968,0.982748,0.418719,12.815664
2016-07-04,sz.000338,3.3294519000,3.3803479800,3.3124865400,3.3718653000,3.3336932400,21717174,172060428.0000,2,1.005678,1,1.145000,25.782850,0.994001,0.423513,12.962409
2016-07-05,sz.000338,3.3718653000,3.4524507600,3.3633826200,3.4057960200,3.3718653000,33430466,268850160.0000,2,1.548097,1,1.006300,26.042300,1.004003,0.427775,13.092848
2016-07-06,sz.000338,3.3930720000,3.4270027200,3.3591412800,3.4015546800,3.4057960200,20538100,164202495.0000,2,0.951078,1,-0.124500,26.009868,1.002753,0.427242,13.076543
2016-07-07,sz.000338,3.4015546800,3.4100373600,3.3761066400,3.3888306600,3.4015546800,18692082,149448253.0000,2,0.865592,1,-0.374100,25.912575,0.999002,0.425644,13.027628
2016-07-08,sz.000338,3.3973133400,3.4015546800,3.3633826200,3.3845893200,3.3888306600,16246848,129519521.0000,2,0.752358,1,-0.125200,25.880143,0.997752,0.425111,13.011323
2016-07-11,sz.000338,3.3845893200,3.4142787000,3.3718653000,3.3803479800,3.3845893200,18972796,151827993.0000,2,0.878592,1,-0.125300,25.847712,0.996502,0.424579,12.995018
2016-07-12,sz.000338,3.3845893200,3.4566921000,3.3761066400,3.4524507600,3.3803479800,27004002,217612348.0000,2,1.250500,1,2.133000,26.399043,1.017757,0.433635,13.272202
2016-07-13,sz.000338,3.4609334400,3.4736574600,3.4270027200,3.4651747800,3.4524507600,29545645,240678760.0000,2,1.368199,1,0.368500,26.496337,1.021508,0.435233,13.321117
2016-07-14,sz.000338,3.4566921000,3.4566921000,3.4312440600,3.4482094200,3.4651747800,15041378,122072647.0000,2,0.696536,1,-0.489600,26.366612,1.016507,0.433102,13.255897
2016-07-15,sz.000338,3.6008976600,3.6008976600,3.4694161200,3.4736574600,3.4482094200,23526561,193768539.0000,2,1.089467,1,0.738000,26.561200,1.024008,0.436298,13.353727
2016-07-18,sz.000338,3.4736574600,3.4778988000,3.4354854000,3.4482094200,3.4736574600,14188285,115592827.0000,2,0.657031,1,-0.732600,26.366612,1.016507,0.433102,13.255897
2016-07-19,sz.000338,3.4482094200,3.5287948800,3.4439680800,3.5075881800,3.4482094200,31907387,263804256.0000,2,1.477566,1,1.722000,26.820650,1.034011,0.440560,13.484166
2016-07-20,sz.000338,3.4991055000,3.5584842600,3.4906228200,3.5203122000,3.5075881800,24212200,201482614.0000,2,1.121218,1,0.362800,26.917944,1.037762,0.442158,13.533081
2016-07-21,sz.000338,3.5203122000,3.5966563200,3.5160708600,3.5796909600,3.5203122000,28858480,242267586.0000,2,1.336377,1,1.686700,27.371981,1.055266,0.449616,13.761349
2016-07-22,sz.000338,3.6305870400,3.6305870400,3.5075881800,3.5118295200,3.5796909600,19943795,166925712.0000,2,0.923557,1,-1.895700,26.853081,1.035261,0.441093,13.500471
2016-07-25,sz.000338,3.5245535400,3.5415189000,3.4948641600,3.5415189000,3.5118295200,14495283,120321243.0000,2,0.671247,1,0.845400,27.080100,1.044013,0.444822,13.614605
2016-07-26,sz.000338,3.5415189000,3.5924149800,3.5245535400,3.5796909600,3.5415189000,18573546,156390863.0000,2,0.860103,1,1.077800,27.371981,1.055266,0.449616,13.761349
2016-07-27,sz.000338,3.5966563200,3.6730004400,3.4991055000,3.5881736400,3.5796909600,53862233,457811040.0000,2,2.494250,1,0.237000,27.436844,1.057767,0.450682,13.793959
2016-07-28,sz.000338,3.5669669400,3.7747926000,3.5500015800,3.7323792000,3.5881736400,67421264,589267888.0000,2,3.122141,1,4.018900,28.539506,1.100278,0.468794,14.348326
2016-07-29,sz.000338,3.7581188400,3.8525008200,3.6766071300,3.7581188400,3.7323783000,44921815,395007632.0000,2,2.080238,1,0.689700,28.409781,1.095276,0.466664,14.283107
2016-08-01,sz.000338,3.7495386600,3.8353404600,3.6980575800,3.7023476700,3.7581188400,41265745,361741536.0000,2,1.910933,1,-1.484000,27.988175,1.079022,0.459738,14.071143
2016-08-02,sz.000338,3.6894774000,3.8095999200,3.6594467700,3.7967296500,3.7023476700,34772460,302760768.0000,2,1.610242,1,2.549200,28.701663,1.106529,0.471458,14.429851
2016-08-03,sz.000338,3.8353404600,4.0069440600,3.7838593800,3.9640431600,3.7967296500,73269434,672583808.0000,2,3.392958,1,4.406800,29.966482,1.155292,0.492234,15.065743
2016-08-04,sz.000338,3.9468828000,4.0541350500,3.8954017200,3.9640431600,3.9640431600,44013880,407698288.0000,2,2.038193,1,0.000000,29.966482,1.155292,0.492234,15.065743
2016-08-05,sz.000338,3.9854936100,3.9854936100,3.9082719900,3.9340125300,3.9640431600,24069485,220548375.0000,2,1.114609,1,-0.757600,29.739463,1.146539,0.488505,14.951608
2016-08-08,sz.000338,3.9211422600,3.9854936100,3.9168521700,3.9597530700,3.9340125300,22944659,210622892.0000,2,1.062520,1,0.654300,29.934050,1.154041,0.491701,15.049438
2016-08-09,sz.000338,3.9554629800,3.9597530700,3.8653710900,3.8996918100,3.9597530700,29777159,270367152.0000,2,1.378920,1,-1.516800,29.480013,1.136537,0.484243,14.821169
2016-08-10,sz.000338,3.9039819000,3.9468828000,3.8739512700,3.9082719900,3.8996918100,23444787,213980646.0000,2,1.085680,1,0.220000,29.544875,1.139037,0.485309,14.853779
2016-08-11,sz.000338,3.9082719900,4.0241044200,3.8782413600,3.8868215400,3.9082719900,28730365,263718859.0000,2,1.330445,1,-0.548800,29.382719,1.132786,0.482645,14.772254
2016-08-12,sz.000338,3.8868215400,3.8996918100,3.7795692900,3.8310503700,3.8868215400,34957546,311633872.0000,2,1.618813,1,-1.434900,28.961113,1.116532,0.475720,14.560290
2016-08-15,sz.000338,3.8267602800,3.9683332500,3.8181801000,3.9211422600,3.8310503700,37370225,340539152.0000,2,1.730539,1,2.351600,29.642169,1.142788,0.486907,14.902694
2016-08-16,sz.000338,3.9383026200,4.0112341500,3.8911116300,3.9340125300,3.9211422600,46560311,428278976.0000,2,2.156113,1,0.328200,29.739463,1.146539,0.488505,14.951608
2016-08-17,sz.000338,3.9769134300,3.9812035200,3.8739512700,3.8825314500,3.9340125300,36411992,332190640.0000,2,1.686165,1,-1.308600,29.350288,1.131536,0.482112,14.755949
2016-08-18,sz.000338,3.8868215400,3.8954017200,3.8181801000,3.8310503700,3.8825314500,26039043,234064442.0000,2,1.205815,1,-1.326000,28.961113,1.116532,0.475720,14.560290
2016-08-19,sz.000338,3.8310503700,3.8911116300,3.8310503700,3.8696611800,3.8310503700,16035816,144537157.0000,2,0.742586,1,1.007800,29.252994,1.127785,0.480514,14.707035
2016-08-22,sz.000338,3.8696611800,3.8782413600,3.7795692900,3.7838593800,3.8696611800,19061757,169667291.0000,2,0.882711,1,-2.217300,28.604369,1.102778,0.469860,14.380936
2016-08-23,sz.000338,3.7838593800,3.8095999200,3.7624089300,3.8010197400,3.7838593800,15163646,133814837.0000,2,0.702198,1,0.453500,28.734094,1.107780,0.471991,14.446156
2016-08-24,sz.000338,3.7881494700,3.8224701900,3.7795692900,3.8095999200,3.8010197400,10543604,93493658.0000,2,0.488253,1,0.225700,28.798956,1.110280,0.473056,14.478766
2016-08-25,sz.000338,3.8010197400,3.8095999200,3.7452485700,3.8095999200,3.8095999200,16292687,143192279.0000,2,0.754481,1,0.000000,28.798956,1.110280,0.473056,14.478766
2016-08-26,sz.000338,3.8010197400,3.8439206400,3.7838593800,3.8010197400,3.8095999200,16710847,148671651.0000,2,0.773845,1,-0.225200,28.734094,1.107780,0.471991,14.446156
2016-08-29,sz.000338,3.8396305500,3.8482107300,3.8053098300,3.8181801000,3.8010197400,12752648,113579151.0000,2,0.590549,1,0.451500,28.863819,1.112781,0.474122,14.511376
2016-08-30,sz.000338,3.8138900100,3.8396305500,3.7924395600,3.8053098300,3.8181801000,12935177,114732174.0000,2,0.599002,1,-0.337100,28.766525,1.109030,0.472523,14.462461
2016-08-31,sz.000338,3.8181801000,3.8396305500,3.7881494700,3.8010197400,3.8053098300,14257821,126727778.0000,2,0.660251,1,-0.112700,24.052354,1.108676,0.445346,14.979093
2016-09-01,sz.000338,3.8138900100,3.8181801000,3.7495386600,3.7538287500,3.8010197400,17313295,153137040.0000,2,0.801743,1,-1.241500,23.753736,1.094911,0.439817,14.793123
2016-09-02,sz.000338,3.7495386600,3.7709891100,3.6808972200,3.6894774000,3.7538287500,21977869,190700976.0000,2,1.017750,1,-1.714300,23.346529,1.076141,0.432277,14.539526
2016-09-05,sz.000338,3.6937674900,3.8396305500,3.6937674900,3.8010197400,3.6894774000,22035030,194734211.0000,2,1.020397,1,3.023247,24.052354,1.108676,0.445346,14.979093
2016-09-06,sz.000338,3.7881494700,3.9039819000,3.7495386600,3.8954017200,3.8010197400,31459259,282415488.0000,2,1.456814,1,2.483073,24.649591,1.136205,0.456404,15.351035
2016-09-07,sz.000338,3.9039819000,4.0241044200,3.8825314500,3.9297224400,3.8954017200,36163345,333807040.0000,2,1.674651,1,0.881056,24.866768,1.146216,0.460425,15.486286
2016-09-08,sz.000338,3.9254323500,3.9769134300,3.8868215400,3.9039819000,3.9297224400,19331961,176886253.0000,2,0.895224,1,-0.655016,24.703885,1.138708,0.457409,15.384847
2016-09-09,sz.000338,3.9039819000,3.9597530700,3.9039819000,3.9082719900,3.9039819000,14724492,134842002.0000,2,0.681861,1,0.109882,24.731033,1.139959,0.457912,15.401754
2016-09-12,sz.000338,3.8267602800,3.8567909100,3.7624089300,3.7795692900,3.9082719900,22312831,197290376.0000,2,1.033262,1,-3.293076,23.916619,1.102419,0.442832,14.894561
2016-09-13,sz.000338,3.7838593800,3.8095999200,3.7624089300,3.8010197400,3.7795692900,9448910,83444125.0000,2,0.437560,1,0.567528,24.052354,1.108676,0.445346,14.979093
2016-09-14,sz.000338,3.7881494700,3.8224701900,3.7538287500,3.8010197400,3.8010197400,10941250,96752738.0000,2,0.506667,1,0.000000,24.052354,1.108676,0.445346,14.979093
2016-09-19,sz.000338,3.8138900100,3.8911116300,3.8053098300,3.8181801000,3.8010197400,12830683,114939397.0000,2,0.594163,1,0.451467,24.160943,1.113681,0.447356,15.046719
2016-09-20,sz.000338,3.8181801000,3.8310503700,3.7581188400,3.7967296500,3.8181801000,14090847,124510685.0000,2,0.652518,1,-0.561789,24.025207,1.107425,0.444843,14.962187
2016-09-21,sz.000338,3.7838593800,3.8739512700,3.7838593800,3.8567909100,3.7967296500,13641867,122190157.0000,2,0.631727,1,1.581914,24.405267,1.124943,0.451880,15.198877
2016-09-22,sz.000338,3.8825314500,3.9812035200,3.8696611800,3.8696611800,3.8567909100,23602369,215639797.0000,2,1.092978,1,0.333712,24.486708,1.128697,0.453388,15.249596
2016-09-23,sz.000338,3.8825314500,3.9168521700,3.8696611800,3.8868215400,3.8696611800,14059781,127653904.0000,2,0.651080,1,0.443459,24.595297,1.133703,0.455399,15.317222
2016-09-26,sz.000338,3.8868215400,3.9297224400,3.8310503700,3.8310503700,3.8868215400,17786920,161016746.0000,2,0.823676,1,-1.434880,24.242384,1.117435,0.448864,15.097438
2016-09-27,sz.000338,3.8525008200,3.8782413600,3.7881494700,3.8782413600,3.8310503700,14568163,130617596.0000,2,0.674622,1,1.231799,24.541003,1.131200,0.454393,15.283409
2016-09-28,sz.000338,3.8825314500,3.8954017200,3.8224701900,3.8310503700,3.8782413600,10726845,96273929.0000,2,0.496738,1,-1.216810,24.242384,1.117435,0.448864,15.097438
2016-09-29,sz.000338,3.8310503700,3.8696611800,3.8095999200,3.8396305500,3.8310503700,11572304,103664356.0000,2,0.535890,1,0.223959,24.296679,1.119938,0.449869,15.131251
2016-09-30,sz.000338,3.8396305500,3.9640431600,3.8267602800,3.9511728900,3.8396305500,23588578,215752158.0000,2,1.092339,1,2.905030,25.002504,1.152472,0.462938,15.570818
2016-10-10,sz.000338,4.0326846000,4.0712954100,3.9597530700,3.9940737900,3.9511728900,29366511,274392704.0000,2,1.359903,1,1.085781,25.273975,1.164986,0.467965,15.739882
2016-10-11,sz.000338,3.9940737900,4.0155242400,3.9468828000,4.0026539700,3.9940737900,20073049,186014752.0000,2,0.929542,1,0.214817,25.328269,1.167488,0.468970,15.773695
2016-10-12,sz.000338,3.9812035200,3.9854936100,3.9211422600,3.9383026200,4.0026539700,15518288,142944162.0000,2,0.718620,1,-1.607713,24.921063,1.148718,0.461430,15.520099
2016-10-13,sz.000338,3.9383026200,3.9769134300,3.9211422600,3.9297224400,3.9383026200,11889917,109345229.0000,2,0.550598,1,-0.217870,24.866768,1.146216,0.460425,15.486286
2016-10-14,sz.000338,3.9297224400,3.9897837000,3.9297224400,3.9897837000,3.9297224400,18803442,173697958.0000,2,0.870749,1,1.528388,25.246828,1.163734,0.467462,15.722976
2016-10-17,sz.000338,4.0026539700,4.0283945100,3.9168521700,3.9297224400,3.9897837000,17455437,161482063.0000,2,0.808326,1,-1.505380,24.866768,1.146216,0.460425,15.486286
2016-10-18,sz.000338,3.9297224400,3.9812035200,3.9125620800,3.9769134300,3.9297224400,16986070,156286912.0000,2,0.786590,1,1.200880,25.165387,1.159980,0.465954,15.672257
2016-10-19,sz.000338,3.9769134300,3.9940737900,3.9511728900,3.9683332500,3.9769134300,13097841,121234522.0000,2,0.606534,1,-0.215755,25.111092,1.157478,0.464949,15.638444
2016-10-20,sz.000338,3.9813384600,3.9900124000,3.9379687600,3.9509796700,3.9683275500,11344821,103543873.0000,2,0.525356,1,-0.437158,24.731033,1.139959,0.457912,15.401754
2016-10-21,sz.000338,3.9509796700,3.9900124000,3.9206208800,3.9639905800,3.9509796700,14734715,134257037.0000,2,0.682335,1,0.329316,24.812474,1.143713,0.459420,15.452473
2016-10-24,sz.000338,3.9813384600,4.0550669500,3.9466427000,4.0463930100,3.9639905800,23736097,220347741.0000,2,1.099170,1,2.078770,25.328269,1.167488,0.468970,15.773695
2016-10-25,sz.000338,4.0767518000,4.2979372700,4.0767518000,4.2892633300,4.0463930100,80169622,776793728.0000,2,3.712492,1,6.002148,26.848509,1.237563,0.497118,16.720455
2016-10-26,sz.000338,4.2502306000,4.3196221200,4.1938499900,4.2805893900,4.2892633300,43205697,423894624.0000,2,2.000768,1,-0.202229,26.794214,1.235060,0.496113,16.686642
2016-10-27,sz.000338,4.2849263600,4.3109481800,4.2155348400,4.2892633300,4.2805893900,24467775,240557768.0000,2,1.133053,1,0.202639,26.848509,1.237563,0.497118,16.720455
2016-10-28,sz.000338,4.3066112100,4.3282960600,4.1244584700,4.1331324100,4.2892633300,34636217,335532224.0000,2,1.603933,1,-3.640046,20.570621,1.222671,0.464491,-10.261092
2016-10-31,sz.000338,4.1287954400,4.2025239300,4.1201215000,4.1418063500,4.1331324100,20407871,195163417.0000,2,0.945047,1,0.209868,20.613791,1.225236,0.465465,-10.282626
2016-11-01,sz.000338,4.1504802900,4.2155348400,4.1331324100,4.2068609000,4.1418063500,19618497,189568380.0000,2,0.908493,1,1.570677,20.937568,1.244481,0.472776,-10.444133
2016-11-02,sz.000338,4.1938499900,4.3109481800,4.1721651400,4.2675784800,4.2068609000,37539428,370475568.0000,2,1.738374,1,1.443303,21.239760,1.262443,0.479600,-10.594873
2016-11-03,sz.000338,4.2545675700,4.4193724300,4.2328827200,4.3760027300,4.2675784800,43092841,434268224.0000,2,1.995542,1,2.540650,21.779388,1.294517,0.491785,-10.864052
2016-11-04,sz.000338,4.3586548500,4.4453942500,4.3152851500,4.4020245500,4.3760027300,36436927,367487136.0000,2,1.687320,1,0.594643,21.908899,1.302215,0.494709,-10.928655
2016-11-07,sz.000338,4.4367203100,4.4627421300,4.3543178800,4.3803397000,4.4020245500,28276132,286851104.0000,2,1.309410,1,-0.492603,21.800973,1.295800,0.492272,-10.874819
2016-11-08,sz.000338,4.4106984900,4.4453942500,4.3543178800,4.4106984900,4.3803397000,22911298,231867985.0000,2,1.060976,1,0.693066,21.952069,1.304781,0.495684,-10.950189
2016-11-09,sz.000338,4.4106984900,4.4410572800,4.2805893900,4.3456439400,4.4106984900,32086897,322072144.0000,2,1.485879,1,-1.474923,21.628292,1.285536,0.488373,-10.788682
2016-11-10,sz.000338,4.3976875800,4.5624924400,4.3803397000,4.5451445600,4.3456439400,59710084,618149744.0000,2,2.765052,1,4.590809,22.621208,1.344553,0.510793,-11.283971
2016-11-11,sz.000338,4.5755033500,4.5798403200,4.4887639500,4.5277966800,4.5451445600,37151175,388587856.0000,2,1.720395,1,-0.381679,22.534867,1.339421,0.508844,-11.240902
2016-11-14,sz.000338,4.5321336500,4.5841772900,4.4410572800,4.5538185000,4.5277966800,41911122,435144928.0000,2,1.940819,1,0.574717,22.664378,1.347119,0.511768,-11.305505
2016-11-15,sz.000338,4.5104488000,4.5364706200,4.4367203100,4.4453942500,4.5538185000,29022928,299289168.0000,2,1.343993,1,-2.380952,22.124750,1.315044,0.499583,-11.036326
2016-11-16,sz.000338,4.4453942500,4.4844269800,4.3586548500,4.3760027300,4.4453942500,34953298,354650912.0000,2,1.618616,1,-1.560974,21.779388,1.294517,0.491785,-10.864052
2016-11-17,sz.000338,4.3976875800,4.4453942500,4.3586548500,4.4106984900,4.3760027300,21476857,217692598.0000,2,0.994550,1,0.792864,21.952069,1.304781,0.495684,-10.950189
2016-11-18,sz.000338,4.4237094000,4.4367203100,4.3196221200,4.3239590900,4.4106984900,26198719,263208431.0000,2,1.213209,1,-1.966566,21.520367,1.279121,0.485936,-10.734846
2016-11-21,sz.000338,4.3196221200,4.3760027300,4.2849263600,4.3586548500,4.3239590900,22245014,222373714.0000,2,1.030121,1,0.802406,21.693048,1.289385,0.489835,-10.820983
2016-11-22,sz.000338,4.3846766700,4.4627421300,4.3629918200,4.4410572800,4.3586548500,23421564,238343065.0000,2,1.084605,1,1.890543,22.103165,1.313761,0.499096,-11.025559
2016-11-23,sz.000338,4.4453942500,4.4670791000,4.3586548500,4.3673287900,4.4410572800,18990548,192538223.0000,2,0.879414,1,-1.660157,21.736218,1.291951,0.490810,-10.842518
2016-11-24,sz.000338,4.3629918200,4.3716657600,4.3066112100,4.3196221200,4.3673287900,25912628,258858228.0000,2,1.199961,1,-1.092350,21.498781,1.277838,0.485449,-10.724079
2016-11-25,sz.000338,4.2979372700,4.3543178800,4.2849263600,4.3543178800,4.3196221200,20995575,208805551.0000,2,0.972262,1,0.803212,21.671462,1.288102,0.489348,-10.810216
2016-11-28,sz.000338,4.3933506100,4.4584051600,4.3543178800,4.4323833400,4.3543178800,34556120,351327968.0000,2,1.600224,1,1.792832,22.059995,1.311195,0.498121,-11.004025
2016-11-29,sz.000338,4.4237094000,4.4887639500,4.3976875800,4.4106984900,4.4323833400,36571543,374888544.0000,2,1.693554,1,-0.489239,21.952069,1.304781,0.495684,-10.950189
2016-11-30,sz.000338,4.4020245500,4.4453942500,4.3629918200,4.4237094000,4.4106984900,25509526,258841437.0000,2,1.181294,1,0.294983,22.016824,1.308630,0.497146,-10.982491
2016-12-01,sz.000338,4.4540681900,4.8617433700,4.4410572800,4.8010257900,4.4237094000,110791542,1201601936.0000,2,5.130531,1,8.529410,23.894730,1.420248,0.539550,-11.919232
2016-12-02,sz.000338,4.7706670000,5.0222112600,4.7489821500,4.8313845800,4.8010257900,104158292,1169328736.0000,2,4.823358,1,0.632346,24.045826,1.429229,0.542962,-11.994602
2016-12-05,sz.000338,4.7619930600,4.9788415600,4.7186233600,4.7836779100,4.8313845800,62243290,694860624.0000,2,2.882360,1,-0.987438,23.808389,1.415116,0.537600,-11.876164
2016-12-06,sz.000338,4.7836779100,4.9354718600,4.7576560900,4.8227106400,4.7836779100,42319630,471263216.0000,2,1.959736,1,0.815958,24.002656,1.426663,0.541987,-11.973068
2016-12-07,sz.000338,4.8574064000,4.8704173100,4.7533191200,4.8140367000,4.8227106400,38468221,424679984.0000,2,1.781385,1,-0.179852,23.959485,1.424097,0.541012,-11.951534
2016-12-08,sz.000338,4.8053627600,4.8487324600,4.6622427500,4.7012754800,4.8140367000,41924884,458187968.0000,2,1.941456,1,-2.342344,23.398272,1.390740,0.528340,-11.671588
2016-12-09,sz.000338,4.6795906300,4.7099494200,4.6232100200,4.6665797200,4.7012754800,28362190,304669696.0000,2,1.313395,1,-0.738007,23.225591,1.380476,0.524441,-11.585451
2016-12-12,sz.000338,4.6665797200,4.7099494200,4.3629918200,4.3629918200,4.6665797200,53228678,554269776.0000,2,2.464912,1,-6.505574,21.714633,1.290668,0.490323,-10.831751
2016-12-13,sz.000338,4.3629918200,4.4367203100,4.3282960600,4.4020245500,4.3629918200,29578447,299526080.0000,2,1.369718,1,0.894624,21.908899,1.302215,0.494709,-10.928655
2016-12-14,sz.000338,4.4237094000,4.5191227400,4.4020245500,4.4280463700,4.4020245500,27711759,285014464.0000,2,1.283275,1,0.591137,22.038410,1.309913,0.497634,-10.993258
2016-12-15,sz.000338,4.4237094000,4.4453942500,4.3456439400,4.3716657600,4.4280463700,28367846,286982256.0000,2,1.313657,1,-1.273263,21.757803,1.293234,0.491297,-10.853285
2016-12-16,sz.000338,4.4020245500,4.4323833400,4.3543178800,4.3716657600,4.3716657600,18800495,190110022.0000,2,0.870613,1,0.000000,21.757803,1.293234,0.491297,-10.853285
2016-12-19,sz.000338,4.3976875800,4.3976875800,4.3022742400,4.3716657600,4.3716657600,13971234,139993581.0000,2,0.646979,1,0.000000,21.757803,1.293234,0.491297,-10.853285
2016-12-20,sz.000338,4.3499809100,4.3716657600,4.2892633300,4.2936003000,4.3716657600,17136994,170664702.0000,2,0.793579,1,-1.785717,21.369271,1.270140,0.482524,-10.659476
2016-12-21,sz.000338,4.3152851500,4.4150354600,4.3152851500,4.4150354600,4.2936003000,21547044,217894577.0000,2,0.997800,1,2.828290,21.973654,1.306064,0.496171,-10.960956
2016-12-22,sz.000338,4.4540681900,4.4844269800,4.3846766700,4.4584051600,4.4150354600,19496281,199824458.0000,2,0.902833,1,0.982313,22.189505,1.318893,0.501045,-11.068628
2016-12-23,sz.000338,4.4714160700,4.4714160700,4.3933506100,4.3933506100,4.4584051600,13200206,134554388.0000,2,0.611275,1,-1.459140,21.865729,1.299649,0.493734,-10.907121
2016-12-26,sz.000338,4.3976875800,4.4106984900,4.2545675700,4.3326330300,4.3933506100,23331948,231515803.0000,2,1.080455,1,-1.382037,21.563537,1.281687,0.486911,-10.756381
2016-12-27,sz.000338,4.3326330300,4.3976875800,4.3022742400,4.3803397000,4.3326330300,15225608,153376302.0000,2,0.705067,1,1.101107,21.800973,1.295800,0.492272,-10.874819
2016-12-28,sz.000338,4.3846766700,4.4237094000,4.3629918200,4.3846766700,4.3803397000,10487401,106224156.0000,2,0.485650,1,0.099003,21.822558,1.297083,0.492760,-10.885586
2016-12-29,sz.000338,4.3760027300,4.4063615200,4.3413069700,4.3890136400,4.3846766700,11016683,110997484.0000,2,0.510160,1,0.098914,21.844143,1.298366,0.493247,-10.896353
2016-12-30,sz.000338,4.3976875800,4.4063615200,4.2979372700,4.3196221200,4.3890136400,16916113,168976835.0000,2,0.783351,1,-1.581026,21.498781,1.277838,0.485449,-10.724079
2017-01-03,sz.000338,4.3196221200,4.3803397000,4.3152851500,4.3239590900,4.3196221200,12982497,130069694.0000,2,0.601193,1,0.100404,21.520367,1.279121,0.485936,-10.734846
2017-01-04,sz.000338,4.3456439400,4.4670791000,4.3456439400,4.4670791000,4.3239590900,27810372,283732608.0000,2,1.287842,1,3.309929,22.232676,1.321459,0.502020,-11.090162
2017-01-05,sz.000338,4.4670791000,4.4844269800,4.4323833400,4.4800900100,4.4670791000,20013755,205701273.0000,2,0.926796,1,0.291260,22.297431,1.325308,0.503482,-11.122464
2017-01-06,sz.000338,4.4887639500,4.5321336500,4.4063615200,4.4627421300,4.4800900100,18218173,187674524.0000,2,0.843647,1,-0.387221,22.211090,1.320176,0.501533,-11.079395
2017-01-09,sz.000338,4.4540681900,4.5191227400,4.4280463700,4.5147857700,4.4627421300,17352590,179447473.0000,2,0.803563,1,1.166180,22.470112,1.335572,0.507382,-11.208601
2017-01-10,sz.000338,4.5017748600,4.6058621400,4.4887639500,4.5841772900,4.5147857700,27544205,290064912.0000,2,1.275516,1,1.536982,22.815474,1.356099,0.515180,-11.380875
2017-01-11,sz.000338,4.5928512300,4.6188730500,4.5408075900,4.5581554700,4.5841772900,20224261,213546347.0000,2,0.936544,1,-0.567639,22.685963,1.348402,0.512256,-11.316272
2017-01-12,sz.000338,4.5624924400,4.6275469900,4.4453942500,4.4627421300,4.5581554700,17296959,180791828.0000,2,0.800987,1,-2.093247,22.211090,1.320176,0.501533,-11.079395
2017-01-13,sz.000338,4.4627421300,4.5494815300,4.4410572800,4.5451445600,4.4627421300,16728024,173857383.0000,2,0.774641,1,1.846449,22.621208,1.344553,0.510793,-11.283971
2017-01-16,sz.000338,4.5451445600,4.5624924400,4.3499809100,4.4844269800,4.5451445600,22974485,236435153.0000,2,1.063902,1,-1.335872,22.319016,1.326591,0.503970,-11.133231
2017-01-17,sz.000338,4.4714160700,4.4931009200,4.3760027300,4.4323833400,4.4844269800,19607881,200160919.0000,2,0.908001,1,-1.160540,22.059995,1.311195,0.498121,-11.004025
2017-01-18,sz.000338,4.4757530400,4.5451445600,4.4627421300,4.5364706200,4.4323833400,25117965,260826650.0000,2,1.163162,1,2.348334,22.578038,1.341987,0.509819,-11.262436
2017-01-19,sz.000338,4.5191227400,4.7056124500,4.5191227400,4.6622427500,4.5364706200,38546693,412942048.0000,2,1.785019,1,2.772466,23.204006,1.379193,0.523953,-11.574684
2017-01-20,sz.000338,4.6492318400,4.7446451800,4.6015251700,4.6622427500,4.6622427500,23939801,259290915.0000,2,1.108603,1,0.000000,23.204006,1.379193,0.523953,-11.574684
2017-01-23,sz.000338,4.6622427500,4.7793409400,4.6622427500,4.7489821500,4.6622427500,22671172,247533075.0000,2,1.049856,1,1.860463,23.635709,1.404852,0.533701,-11.790027
2017-01-24,sz.000338,4.7706670000,4.8487324600,4.7489821500,4.8096997300,4.7489821500,30176957,334223840.0000,2,1.397433,1,1.278542,23.937900,1.422814,0.540525,-11.940767
2017-01-25,sz.000338,4.8574064000,4.8790912500,4.7793409400,4.8357215500,4.8096997300,21779076,242371401.0000,2,1.008545,1,0.541023,24.067411,1.430512,0.543449,-12.005370
2017-01-26,sz.000338,4.8357215500,4.8574064000,4.7836779100,4.8183736700,4.8357215500,13449361,149266345.0000,2,0.622813,1,-0.358744,23.981070,1.425380,0.541499,-11.962301
2017-02-03,sz.000338,4.8183736700,4.8270476100,4.7403082100,4.8183736700,4.8183736700,14860453,164054216.0000,2,0.688157,1,0.000000,23.981070,1.425380,0.541499,-11.962301
2017-02-06,sz.000338,4.8270476100,4.8747542800,4.8010257900,4.8443954900,4.8183736700,14588566,162722884.0000,2,0.675567,1,0.540058,24.110581,1.433078,0.544424,-12.026904
2017-02-07,sz.000338,4.8834282200,5.0222112600,4.8704173100,5.0178742900,4.8443954900,42268245,484367408.0000,2,1.957356,1,3.581017,24.973986,1.484396,0.563920,-12.457590
2017-02-08,sz.000338,5.0395591400,5.0525700500,4.9224609500,5.0482330800,5.0178742900,28460936,327689136.0000,2,1.317968,1,0.605019,25.125082,1.493377,0.567332,-12.532960
2017-02-09,sz.000338,5.0048633800,5.1479833900,5.0048633800,5.0308852000,5.0482330800,24883183,291452464.0000,2,1.152290,1,-0.343642,25.038741,1.488245,0.565382,-12.489891
2017-02-10,sz.000338,5.0135373200,5.1826791500,4.9918524700,5.1002767200,5.0308852000,33876863,398080016.0000,2,1.568769,1,1.379309,25.384103,1.508773,0.573180,-12.662166
2017-02-13,sz.000338,5.1002767200,5.1913530900,5.0655809600,5.1566573300,5.1002767200,28763257,341349744.0000,2,1.331968,1,1.105443,25.664710,1.525451,0.579517,-12.802139
2017-02-14,sz.000338,5.1566573300,5.1566573300,5.0092003500,5.0829288400,5.1566573300,33524917,391037200.0000,2,1.552471,1,-1.429773,25.297763,1.503641,0.571231,-12.619097
2017-02-15,sz.000338,5.0916027800,5.0916027800,4.9875155000,5.0135373200,5.0829288400,20195713,234070958.0000,2,0.935222,1,-1.365186,24.952401,1.483113,0.563432,-12.446823
2017-02-16,sz.000338,5.0265482300,5.1219615700,4.9788415600,5.0612439900,5.0135373200,22415529,261062085.0000,2,1.038018,1,0.951554,25.189837,1.497226,0.568794,-12.565261
2017-02-17,sz.000338,5.0525700500,5.0829288400,4.8834282200,4.9007761000,5.0612439900,24303538,277218320.0000,2,1.125447,1,-3.170521,24.391188,1.449756,0.550760,-12.166877
2017-02-20,sz.000338,4.9224609500,4.9745045900,4.8964391300,4.9658306500,4.9007761000,29648399,337410272.0000,2,1.372957,1,1.327430,24.714965,1.469001,0.558071,-12.328384
2017-02-21,sz.000338,4.9658306500,5.0352221700,4.9441458000,4.9788415600,4.9658306500,19435279,223557342.0000,2,0.900008,1,0.262006,24.779720,1.472850,0.559533,-12.360686
2017-02-22,sz.000338,4.9788415600,5.0482330800,4.9441458000,5.0395591400,4.9788415600,27704553,319377952.0000,2,1.282941,1,1.219515,25.081912,1.490811,0.566357,-12.511426
2017-02-23,sz.000338,5.0655809600,5.0655809600,4.9051130700,4.9571567100,5.0395591400,28650003,327496320.0000,2,1.326723,1,-1.635108,24.671794,1.466435,0.557096,-12.306850
2017-02-24,sz.000338,4.9354718600,4.9354718600,4.8227106400,4.8617433700,4.9571567100,29634382,331968640.0000,2,1.372308,1,-1.924762,24.196922,1.438210,0.546373,-12.069973
2017-02-27,sz.000338,4.8574064000,4.9007761000,4.8183736700,4.8530694300,4.8617433700,19353234,217199117.0000,2,0.896209,1,-0.178416,24.153751,1.435644,0.545399,-12.048438
2017-02-28,sz.000338,4.8530694300,4.9094500400,4.8443954900,4.8877651900,4.8530694300,15070496,169678580.0000,2,0.697884,1,0.714932,24.326432,1.445907,0.549298,-12.134575
2017-03-01,sz.000338,4.8834282200,5.0048633800,4.8834282200,4.9831785300,4.8877651900,29973620,343563328.0000,2,1.388017,1,1.952079,24.801305,1.474133,0.560021,-12.371453
2017-03-02,sz.000338,4.9918524700,5.0135373200,4.9137870100,4.9311348900,4.9831785300,16520328,188552288.0000,2,0.765023,1,-1.044385,24.542284,1.458737,0.554172,-12.242247
2017-03-03,sz.000338,4.9831785300,5.0395591400,4.9398088300,4.9875155000,4.9311348900,32636842,374696464.0000,2,1.511346,1,1.143361,24.822890,1.475416,0.560508,-12.382220
2017-03-06,sz.000338,4.9875155000,5.0742549000,4.9875155000,5.0438961100,4.9875155000,28926933,336182864.0000,2,1.339547,1,1.130436,25.103497,1.492094,0.566844,-12.522193
2017-03-07,sz.000338,5.0438961100,5.0525700500,4.9441458000,5.0395591400,5.0438961100,22178647,255671996.0000,2,1.027048,1,-0.085986,25.081912,1.490811,0.566357,-12.511426
2017-03-08,sz.000338,5.0222112600,5.0438961100,4.9831785300,5.0092003500,5.0395591400,14132067,163105857.0000,2,0.654427,1,-0.602407,24.930816,1.481831,0.562945,-12.436056
2017-03-09,sz.000338,4.9875155000,4.9918524700,4.8270476100,4.8400585200,5.0092003500,29676604,334218240.0000,2,1.374263,1,-3.376626,24.088996,1.431795,0.543936,-12.016137
2017-03-10,sz.000338,4.8530694300,4.8704173100,4.7533191200,4.8227106400,4.8400585200,25862451,286478912.0000,2,1.197637,1,-0.358423,24.002656,1.426663,0.541987,-11.973068
2017-03-13,sz.000338,4.8400585200,4.9137870100,4.7750039700,4.8964391300,4.8227106400,24373902,272977488.0000,2,1.128706,1,1.528778,24.369603,1.448473,0.550273,-12.156110
2017-03-14,sz.000338,4.9441458000,4.9745045900,4.9224609500,4.9528197400,4.8964391300,19296522,220072904.0000,2,0.893583,1,1.151462,24.650209,1.465152,0.556609,-12.296083
2017-03-15,sz.000338,4.9398088300,4.9875155000,4.9007761000,4.9701676200,4.9528197400,17148951,196240187.0000,2,0.794133,1,0.350262,24.736550,1.470284,0.558558,-12.339151
2017-03-16,sz.000338,4.9745045900,5.0395591400,4.9311348900,4.9918524700,4.9701676200,16675749,192478215.0000,2,0.772220,1,0.436302,24.844475,1.476699,0.560995,-12.392987
2017-03-17,sz.000338,5.0135373200,5.0222112600,4.9137870100,4.9137870100,4.9918524700,16788414,192375671.0000,2,0.777437,1,-1.563860,24.455943,1.453605,0.552222,-12.199178
2017-03-20,sz.000338,4.9528197400,5.0308852000,4.9528197400,5.0265482300,4.9137870100,26699017,307687264.0000,2,1.236377,1,2.294795,25.017156,1.486962,0.564895,-12.479124
2017-03-21,sz.000338,5.0178742900,5.0699179300,4.9788415600,5.0655809600,5.0265482300,28112821,326362144.0000,2,1.301848,1,0.776533,25.211422,1.498509,0.569281,-12.576028
2017-03-22,sz.000338,5.0265482300,5.1002767200,4.9961894400,5.0048633800,5.0655809600,23389372,271155120.0000,2,1.083114,1,-1.198633,24.909231,1.480548,0.562458,-12.425288
2017-03-23,sz.000338,5.0135373200,5.0438961100,4.8574064000,4.9007761000,5.0048633800,35052339,399040224.0000,2,1.623202,1,-2.079721,24.391188,1.449756,0.550760,-12.166877
2017-03-24,sz.000338,4.8921021600,4.9181239800,4.8487324600,4.8921021600,4.9007761000,34451324,387994416.0000,2,1.595371,1,-0.176995,24.348018,1.447190,0.549785,-12.145343
2017-03-27,sz.000338,4.8574064000,4.9484827700,4.8574064000,4.8834282200,4.8921021600,23373704,264541314.0000,2,1.082389,1,-0.177301,24.304847,1.444624,0.548810,-12.123808
2017-03-28,sz.000338,4.8834282200,4.9354718600,4.8704173100,4.9094500400,4.8834282200,22887693,258764664.0000,2,1.059882,1,0.532855,24.434358,1.452322,0.551735,-12.188411
2017-03-29,sz.000338,4.9137870100,4.9267979200,4.8313845800,4.8574064000,4.9094500400,26464934,296437168.0000,2,1.225537,1,-1.060070,24.175337,1.436927,0.545886,-12.059205
2017-03-30,sz.000338,4.9745045900,5.0178742900,4.8790912500,4.9007761000,4.8574064000,55471804,632543776.0000,2,2.568786,1,0.892860,18.509179,1.423657,0.484897,101.726741
2017-03-31,sz.000338,4.9311348900,4.9398088300,4.8617433700,4.8790912500,4.9007761000,32108520,362217232.0000,2,1.486880,1,-0.442480,18.427280,1.417357,0.482751,101.276622
2017-04-05,sz.000338,4.9224609500,5.0395591400,4.9007761000,5.0222112600,4.8790912500,57105525,656787552.0000,2,2.644441,1,2.933333,18.967814,1.458933,0.496912,104.247403
2017-04-06,sz.000338,5.0308852000,5.0352221700,4.9875155000,5.0135373200,5.0222112600,28428779,328173216.0000,2,1.316479,1,-0.172707,18.935054,1.456413,0.496054,104.067356
2017-04-07,sz.000338,5.0178742900,5.0395591400,4.9831785300,5.0135373200,5.0135373200,28518294,329663040.0000,2,1.320624,1,0.000000,18.935054,1.456413,0.496054,104.067356
2017-04-10,sz.000338,5.0048633800,5.1132876300,4.9875155000,5.0308852000,5.0135373200,42395044,495014688.0000,2,1.963228,1,0.346020,19.000573,1.461453,0.497770,104.427451
2017-04-11,sz.000338,5.0135373200,5.0699179300,4.9311348900,5.0265482300,5.0308852000,39681168,456595072.0000,2,1.837554,1,-0.086209,18.984194,1.460193,0.497341,104.337427
2017-04-12,sz.000338,5.0005264100,5.0872658100,4.9918524700,5.0569070200,5.0265482300,36993076,430244496.0000,2,1.713074,1,0.603966,19.098852,1.469012,0.500345,104.967593
2017-04-13,sz.000338,5.0395591400,5.0612439900,4.9875155000,5.0178742900,5.0569070200,28646379,331971184.0000,2,1.326555,1,-0.771871,18.951434,1.457673,0.496483,104.157380
2017-04-14,sz.000338,5.0872658100,5.1523203600,5.0612439900,5.0655809600,5.0178742900,55859383,656654608.0000,2,2.586734,1,0.950740,19.131612,1.471532,0.501203,105.147640
2017-04-17,sz.000338,5.0699179300,5.1783421800,5.0482330800,5.1436464200,5.0655809600,44995966,531474608.0000,2,2.083672,1,1.541090,19.426448,1.494210,0.508927,106.768066
2017-04-18,sz.000338,5.1306355100,5.1566573300,5.0569070200,5.0655809600,5.1436464200,35952204,424006576.0000,2,1.664873,1,-1.517701,19.131612,1.471532,0.501203,105.147640
2017-04-19,sz.000338,5.0395591400,5.0482330800,4.8790912500,4.9398088300,5.0655809600,42120902,479877312.0000,2,1.950533,1,-2.482876,18.656597,1.434995,0.488759,102.536954
2017-04-20,sz.000338,4.9137870100,5.0222112600,4.9007761000,5.0092003500,4.9398088300,31090517,356253008.0000,2,1.439739,1,1.404740,18.918674,1.455153,0.495625,103.977332
2017-04-21,sz.000338,5.0092003500,5.0395591400,4.9484827700,4.9918524700,5.0092003500,21810411,250757775.0000,2,1.009996,1,-0.346320,18.853155,1.450114,0.493908,103.617238
2017-04-24,sz.000338,4.9875155000,4.9875155000,4.7706670000,4.7706670000,4.9918524700,34245358,381644368.0000,2,1.585833,1,-4.430932,18.017785,1.385860,0.472024,99.026031
2017-04-25,sz.000338,4.7706670000,4.8574064000,4.7533191200,4.7663300300,4.7706670000,24114120,267630446.0000,2,1.116676,1,-0.090911,18.001405,1.384601,0.471594,98.936007
2017-04-26,sz.000338,4.7836779100,4.8487324600,4.7836779100,4.8400585200,4.7663300300,25906202,288308864.0000,2,1.199663,1,1.546862,18.279862,1.406018,0.478889,100.466409
2017-04-27,sz.000338,4.8227106400,4.8530694300,4.7489821500,4.8443954900,4.8400585200,23818343,263635793.0000,2,1.102979,1,0.089608,18.296242,1.407278,0.479318,100.556433
2017-04-28,sz.000338,4.8660803400,4.9051130700,4.8183736700,4.8660803400,4.8443954900,23451640,263097209.0000,2,1.085998,1,0.447629,14.177672,1.364800,0.410959,69.786974
2017-05-02,sz.000338,4.8747542800,4.8877651900,4.8270476100,4.8357215500,4.8660803400,22199121,248374425.0000,2,1.027996,1,-0.623892,14.089219,1.356285,0.408395,69.351583
2017-05-03,sz.000338,4.8357215500,4.8400585200,4.7793409400,4.7966888200,4.8357215500,24956086,276877392.0000,2,1.155666,1,-0.807168,13.975494,1.345338,0.405099,68.791794
2017-05-04,sz.000338,4.7836779100,4.8010257900,4.7359712400,4.7706670000,4.7966888200,22863641,251079284.0000,2,1.058769,1,-0.542499,13.899678,1.338039,0.402901,68.418602
2017-05-05,sz.000338,4.7489821500,4.7663300300,4.5928512300,4.6101991100,4.7706670000,33280317,357117664.0000,2,1.541144,1,-3.363635,13.432143,1.293033,0.389349,66.117249
2017-05-08,sz.000338,4.6058621400,4.6058621400,4.4974378900,4.4974378900,4.6101991100,22787502,238968017.0000,2,1.055243,1,-2.445910,13.103606,1.261406,0.379826,64.500082
2017-05-09,sz.000338,4.5017748600,4.5971882000,4.4584051600,4.5885142600,4.4974378900,18161483,190673430.0000,2,0.841021,1,2.025073,13.368963,1.286951,0.387517,65.806255
2017-05-10,sz.000338,4.6101991100,4.6665797200,4.5364706200,4.5364706200,4.5885142600,22561192,240423990.0000,2,1.044763,1,-1.134214,13.217330,1.272354,0.383122,65.059871
2017-05-11,sz.000338,4.5191227400,4.6448948700,4.5147857700,4.6405579000,4.5364706200,23331208,246990108.0000,2,1.080421,1,2.294453,13.520596,1.301547,0.391913,66.552640
2017-05-12,sz.000338,4.6622427500,4.6622427500,4.6058621400,4.6318839600,4.6405579000,16014732,171255407.0000,2,0.741610,1,-0.186911,13.495324,1.299115,0.391180,66.428243
2017-05-15,sz.000338,4.6579057800,4.6969385100,4.6535688100,4.6752536600,4.6318839600,18614598,200808332.0000,2,0.862004,1,0.936324,13.621684,1.311279,0.394843,67.050230
2017-05-16,sz.000338,4.6795906300,4.7750039700,4.6318839600,4.7750039700,4.6752536600,25417462,275666368.0000,2,1.177031,1,2.133585,13.912314,1.339256,0.403267,68.480801
2017-05-17,sz.000338,4.8053627600,4.8227106400,4.7706670000,4.7793409400,4.7750039700,21006281,232283125.0000,2,0.972758,1,0.090829,13.924950,1.340472,0.403633,68.542999
2017-05-18,sz.000338,4.7359712400,4.8313845800,4.7142863900,4.7923518500,4.7793409400,19705444,217879747.0000,2,0.912519,1,0.272230,13.962858,1.344121,0.404732,68.729596
2017-05-19,sz.000338,4.7793409400,4.8183736700,4.7316342700,4.7706670000,4.7923518500,15434898,169821024.0000,2,0.714759,1,-0.452490,13.899678,1.338039,0.402901,68.418602
2017-05-22,sz.000338,4.7533191200,4.7880148800,4.7056124500,4.7359712400,4.7706670000,14875020,163032909.0000,2,0.688832,1,-0.727272,13.798589,1.328308,0.399971,67.921012
2017-05-23,sz.000338,4.7272973000,4.7533191200,4.6275469900,4.6535688100,4.7359712400,22133631,239319363.0000,2,1.024963,1,-1.739932,13.558504,1.305197,0.393012,66.739236
2017-05-24,sz.000338,4.6362209300,4.7012754800,4.6015251700,4.6882645700,4.6535688100,21148748,226883208.0000,2,0.979355,1,0.745581,13.659593,1.314928,0.395942,67.236826
2017-05-25,sz.000338,4.6795906300,4.8227106400,4.6579057800,4.8183736700,4.6882645700,28308532,310497344.0000,2,1.310910,1,2.775201,14.038675,1.351420,0.406930,69.102788
2017-05-26,sz.000338,4.8053627600,4.8834282200,4.7966888200,4.8530694300,4.8183736700,20060302,224605376.0000,2,0.928952,1,0.720071,14.139763,1.361151,0.409860,69.600378
2017-05-31,sz.000338,4.8790912500,4.9311348900,4.8270476100,4.8400585200,4.8530694300,20906823,235191338.0000,2,0.968152,1,-0.268094,14.101855,1.357502,0.408761,69.413782
2017-06-01,sz.000338,4.8270476100,4.8660803400,4.8053627600,4.8140367000,4.8400585200,19583961,218194994.0000,2,0.906893,1,-0.537630,14.026039,1.350203,0.406564,69.040589
2017-06-02,sz.000338,4.8227106400,4.9658306500,4.8140367000,4.9614936800,4.8140367000,35350849,400048528.0000,2,1.637026,1,3.063056,14.455665,1.391561,0.419017,71.155346
2017-06-05,sz.000338,4.9788415600,5.0092003500,4.9354718600,4.9788415600,4.9614936800,22995352,263868583.0000,2,1.064868,1,0.349650,14.506209,1.396427,0.420482,71.404141
2017-06-06,sz.000338,4.9528197400,4.9528197400,4.8227106400,4.8660803400,4.9788415600,35597069,399608432.0000,2,1.648428,1,-2.264802,14.177672,1.364800,0.410959,69.786974
2017-06-07,sz.000338,4.8747542800,4.9484827700,4.8530694300,4.9354718600,4.8660803400,25832442,292248352.0000,2,1.196248,1,1.426023,14.379849,1.384263,0.416819,70.782154
2017-06-08,sz.000338,4.9354718600,4.9701676200,4.8877651900,4.9528197400,4.9354718600,29856591,338768256.0000,2,1.382598,1,0.351494,14.430393,1.389128,0.418284,71.030949
2017-06-09,sz.000338,4.9441458000,5.0395591400,4.9181239800,5.0265482300,4.9528197400,40520714,466637104.0000,2,1.876432,1,1.488617,14.645206,1.409807,0.424511,72.088327
2017-06-12,sz.000338,5.0178742900,5.1479833900,4.9701676200,5.1132876300,5.0265482300,52044338,609383872.0000,2,2.410067,1,1.725624,14.897928,1.434135,0.431837,73.332302
2017-06-13,sz.000338,5.1002767200,5.1523203600,5.0569070200,5.1176246000,5.1132876300,35115371,413554176.0000,2,1.626121,1,0.084820,14.910564,1.435351,0.432203,73.394500
2017-06-14,sz.000338,5.1132876300,5.1479833900,5.0135373200,5.0482330800,5.1176246000,34409215,402294736.0000,2,1.593421,1,-1.355931,14.708387,1.415889,0.426342,72.399321
2017-06-15,sz.000338,5.0438961100,5.0655809600,5.0092003500,5.0395591400,5.0482330800,27004805,313350784.0000,2,1.250538,1,-0.171825,14.683114,1.413456,0.425610,72.274923
2017-06-16,sz.000338,5.0395591400,5.0655809600,4.9658306500,4.9831785300,5.0395591400,23428629,270940864.0000,2,1.084932,1,-1.118762,14.518845,1.397643,0.420848,71.466340
2017-06-19,sz.000338,4.9961894400,5.1262985400,4.9788415600,5.1219615700,4.9831785300,31982495,373577600.0000,2,1.481044,1,2.785036,14.923200,1.436568,0.432569,73.456699
2017-06-20,sz.000338,5.1436464200,5.2260488500,5.1306355100,5.1609943000,5.1219615700,43795838,522151952.0000,2,2.028096,1,0.762059,15.036924,1.447515,0.435866,74.016488
2017-06-21,sz.000338,5.1870161200,5.2260488500,5.1306355100,5.2260488500,5.1609943000,30649712,365664672.0000,2,1.419326,1,1.260509,15.226465,1.465761,0.441360,74.949468
2017-06-22,sz.000338,5.2303858200,5.3778428000,5.2130379400,5.2347227900,5.2260488500,63337671,775909760.0000,2,2.933039,1,0.165971,15.251738,1.468194,0.442092,75.073866
2017-06-23,sz.000338,5.2564076400,5.3431470400,5.1870161200,5.3431470400,5.2347227900,49994520,606569840.0000,2,2.315144,1,2.071251,15.567639,1.498604,0.451249,76.628834
2017-06-26,sz.000338,5.3648318900,5.7985288900,5.3604949200,5.6467349400,5.3431470400,114105068,1470755984.0000,2,5.283973,1,5.681825,16.452164,1.583752,0.476888,80.982745
2017-06-27,sz.000338,5.6207131200,5.7594961600,5.6033652400,5.7074525200,5.6467349400,72040897,942761936.0000,2,3.336067,1,1.075264,16.629069,1.600782,0.482016,81.853527
2017-06-28,sz.000338,5.6597458500,5.8809313200,5.6380610000,5.7248004000,5.7074525200,77539076,1029073904.0000,2,3.590677,1,0.303951,16.679614,1.605647,0.483481,82.102322
2017-06-29,sz.000338,5.7421482800,5.8288876800,5.6901046400,5.7551591900,5.7248004000,48777540,648821664.0000,2,2.258789,1,0.530308,16.768066,1.614162,0.486045,82.537713
2017-06-30,sz.000338,5.7248004000,5.7985288900,5.6597458500,5.7248004000,5.7551591900,53780732,707751872.0000,2,2.490476,1,-0.527510,16.679614,1.605647,0.483481,82.102322
2017-07-03,sz.000338,5.7204634300,5.7898549500,5.6120391800,5.6380610000,5.7248004000,66497585,870224832.0000,2,3.079368,1,-1.515150,16.426892,1.581319,0.476156,80.858348
2017-07-04,sz.000338,5.6597458500,5.7248004000,5.6120391800,5.7248004000,5.6380610000,50572956,660449824.0000,2,2.341931,1,1.538460,16.679614,1.605647,0.483481,82.102322
2017-07-05,sz.000338,5.7074525200,5.7768440400,5.6727567600,5.7594961600,5.7248004000,51148097,676164672.0000,2,2.368564,1,0.606060,16.780702,1.615378,0.486411,82.599912
2017-07-06,sz.000338,5.7898549500,6.0370622400,5.7725070700,6.0197143600,5.7594961600,91690693,1251854960.0000,2,4.246009,1,4.518075,17.538866,1.688362,0.508388,86.331836
2017-07-07,sz.000338,5.9633337500,6.0197143600,5.9156270800,5.9633337500,6.0197143600,57998089,796364768.0000,2,2.685773,1,-0.936600,17.374597,1.672549,0.503626,85.523252
2017-07-10,sz.000338,5.9633337500,6.0544101200,5.9243010200,5.9633337500,5.9633337500,50476223,696881008.0000,2,2.337451,1,0.000000,17.374597,1.672549,0.503626,85.523252
2017-07-11,sz.000338,5.9763446600,5.9763446600,5.6814307000,5.6814307000,5.9633337500,76563203,1029103008.0000,2,3.545486,1,-4.727270,16.553253,1.593483,0.479818,81.480335
2017-07-12,sz.000338,5.6987785800,5.7378113100,5.5599955400,5.6684197900,5.6814307000,71208589,926826128.0000,2,3.297525,1,-0.229013,16.515345,1.589834,0.478720,81.293739
2017-07-13,sz.000338,5.8549095000,6.0023664800,5.8549095000,5.9243010200,5.6684197900,88108943,1203629120.0000,2,4.080146,1,4.514156,17.260873,1.661602,0.500330,84.963464
2017-07-14,sz.000338,5.9893555700,6.0240513300,5.9112901100,5.9459858700,5.9243010200,51051022,701604256.0000,2,2.364062,1,0.366034,17.324053,1.667684,0.502161,85.274457
2017-07-17,sz.000338,5.9633337500,6.1151277000,5.7638331300,5.9893555700,5.9459858700,82316585,1135840368.0000,2,3.811902,1,0.729397,17.450414,1.679848,0.505824,85.896445
2017-07-18,sz.000338,5.9936925400,6.0283883000,5.7681701000,5.9329749600,5.9893555700,64209930,872676048.0000,2,2.973422,1,-0.941348,17.286145,1.664034,0.501062,85.087861
2017-07-19,sz.000338,5.9286379900,6.2322258900,5.8679204100,6.2105410400,5.9329749600,114121042,1608569952.0000,2,5.284697,1,4.678358,18.094854,1.741884,0.524504,89.068580
2017-07-20,sz.000338,6.2278889200,6.2669216500,6.1107907300,6.1454864900,6.2105410400,90145556,1280119392.0000,2,4.174445,1,-1.047483,17.905312,1.723638,0.519010,88.135599
2017-07-21,sz.000338,6.1896407300,6.2249596500,6.0748542400,6.1013434300,6.1454920800,120764699,839855808.0000,2,2.796175,1,-0.718394,17.463050,1.681064,0.506190,85.958644
2017-07-24,sz.000338,6.0748542400,6.1631515400,5.9600677500,6.1101731600,6.1013434300,139419519,954841616.0000,2,3.228107,1,0.144721,17.488322,1.683497,0.506923,86.083041
2017-07-25,sz.000338,6.1101731600,6.1278326200,5.9512380200,5.9865569400,6.1101731600,101266710,689363504.0000,2,2.344721,1,-2.023119,17.134512,1.649438,0.496667,84.341477
2017-07-26,sz.000338,5.9865569400,6.0307055900,5.8364515300,5.8541109900,5.9865569400,115809094,774661456.0000,2,2.681434,1,-2.212391,16.755430,1.612946,0.485679,82.475515
2017-07-27,sz.000338,5.8452812600,5.9070893700,5.7923028800,5.8541109900,5.8541109900,65793916,436128688.0000,2,1.523387,1,0.000000,16.755430,1.612946,0.485679,82.475515
2017-07-28,sz.000338,5.8364515300,6.0307055900,5.8364515300,5.9953866700,5.8541109900,79406551,536618304.0000,2,1.838572,1,2.413271,17.159784,1.651870,0.497399,84.465874
2017-07-31,sz.000338,6.0042164000,6.2514488400,5.9865569400,6.1896407300,5.9953866700,157322507,1092300560.0000,2,3.642632,1,3.240063,17.715771,1.705392,0.513516,87.202618
2017-08-01,sz.000338,6.2249596500,6.2426191100,6.1101731600,6.1896407300,6.1896407300,93679327,655124416.0000,2,2.169043,1,0.000000,17.715771,1.705392,0.513516,87.202618
2017-08-02,sz.000338,6.1896407300,6.3044272200,6.1631515400,6.1719812700,6.1896407300,85986833,605683856.0000,2,1.990932,1,-0.285313,17.665227,1.700526,0.512050,86.953823
2017-08-03,sz.000338,6.2337893800,6.3485758700,6.2337893800,6.2955974900,6.1719812700,118683576,846178944.0000,2,2.747989,1,2.002866,18.019037,1.734586,0.522306,88.695388
2017-08-04,sz.000338,6.2691083000,6.3485758700,6.1896407300,6.1984704600,6.2955974900,78054486,553906832.0000,2,1.807267,1,-1.542779,17.741044,1.707825,0.514248,87.327016
2017-08-07,sz.000338,6.1808110000,6.2161299200,6.0925137000,6.1896407300,6.1984704600,57178933,398855264.0000,2,1.323916,1,-0.142447,17.715771,1.705392,0.513516,87.202618
2017-08-08,sz.000338,6.1896407300,6.2161299200,6.1101731600,6.1631515400,6.1896407300,58312755,406483008.0000,2,1.350168,1,-0.427963,17.639955,1.698094,0.511318,86.829426
2017-08-09,sz.000338,6.1543218100,6.2867677600,6.1013434300,6.2426191100,6.1631515400,73002769,512153008.0000,2,1.690300,1,1.289400,17.867404,1.719989,0.517911,87.949003
2017-08-10,sz.000338,6.2337893800,6.2337893800,6.0748542400,6.1101731600,6.2426191100,65978346,458367104.0000,2,1.527657,1,-2.121642,17.488322,1.683497,0.506923,86.083041
2017-08-11,sz.000338,6.0307055900,6.0660245100,5.8276218000,5.8541109900,6.1101731600,109168738,732777904.0000,2,2.527683,1,-4.190751,16.755430,1.612946,0.485679,82.475515
2017-08-14,sz.000338,5.8806001800,5.9953866700,5.8541109900,5.9777272100,5.8541109900,53040777,357551024.0000,2,1.228102,1,2.111612,17.109240,1.647005,0.495934,84.217079
2017-08-15,sz.000338,5.9777272100,6.0395353200,5.9159191000,5.9600677500,5.9777272100,47172418,318466080.0000,2,1.092226,1,-0.295421,17.058696,1.642139,0.494469,83.968284
2017-08-16,sz.000338,5.9865569400,5.9865569400,5.8717704500,5.8982596400,5.9600677500,41250854,275982912.0000,2,0.955119,1,-1.037040,16.881791,1.625110,0.489341,83.097502
2017-08-17,sz.000338,5.9070893700,5.9865569400,5.8894299100,5.9512380200,5.8982596400,42442940,284678256.0000,2,0.982720,1,0.898203,17.033424,1.639706,0.493737,83.843887
2017-08-18,sz.000338,5.9159191000,6.0218758600,5.8982596400,6.0130461300,5.9512380200,50198446,340394208.0000,2,1.162290,1,1.038578,17.210329,1.656736,0.498865,84.714669
2017-08-21,sz.000338,6.0042164000,6.1101731600,5.9865569400,6.1013434300,6.0130461300,44474497,305962384.0000,2,1.029759,1,1.468427,17.463050,1.681064,0.506190,85.958644
2017-08-22,sz.000338,6.1101731600,6.1543218100,6.0660245100,6.0925137000,6.1013434300,44721017,309601616.0000,2,1.035467,1,-0.144714,17.437778,1.678631,0.505457,85.834246
2017-08-23,sz.000338,6.0925137000,6.1101731600,6.0130461300,6.0218758600,6.0925137000,34149389,233652117.0000,2,0.790692,1,-1.159419,17.235601,1.659169,0.499597,84.839066
2017-08-24,sz.000338,6.0218758600,6.0483650500,5.9600677500,5.9953866700,6.0218758600,33647209,228371693.0000,2,0.779065,1,-0.439886,17.159784,1.651870,0.497399,84.465874
2017-08-25,sz.000338,5.9777272100,6.1278326200,5.9688974800,6.1013434300,5.9953866700,51084136,351383568.0000,2,1.182798,1,1.767303,17.463050,1.681064,0.506190,85.958644
2017-08-28,sz.000338,6.1543218100,6.1631515400,6.0748542400,6.0925137000,6.1013434300,60890447,421711184.0000,2,1.409852,1,-0.144714,17.437778,1.678631,0.505457,85.834246
2017-08-29,sz.000338,6.0836839700,6.1454920800,6.0748542400,6.0925137000,6.0925137000,52782148,364814624.0000,2,1.222113,1,0.000000,17.437778,1.678631,0.505457,85.834246
2017-08-30,sz.000338,6.1190028900,6.1366623500,6.0748542400,6.1101731600,6.0925137000,39979352,276311472.0000,2,0.925678,1,0.289855,17.488322,1.683497,0.506923,86.083041
2017-08-31,sz.000338,6.2426191100,6.4986812800,6.2249596500,6.3574056000,6.1101731600,156418928,1126546240.0000,2,3.621710,1,4.046239,14.323213,1.761804,0.468377,53.349995
2017-09-01,sz.000338,6.3574056000,6.4457029000,6.3220866800,6.4015542500,6.3574056000,79442742,573994416.0000,2,1.839410,1,0.694447,14.422679,1.774039,0.471630,53.720481
2017-09-04,sz.000338,6.4015542500,6.6134677700,6.4015542500,6.5781488500,6.4015542500,109323629,811265696.0000,2,2.531270,1,2.758618,14.820546,1.822978,0.484640,55.202426
2017-09-05,sz.000338,6.6222975000,6.7194245300,6.5428299300,6.5516596600,6.5781488500,84182545,632169872.0000,2,1.949155,1,-0.402681,14.760866,1.815637,0.482689,54.980134
2017-09-06,sz.000338,6.5516596600,6.6222975000,6.5340002000,6.6046380400,6.5516596600,56567553,421588064.0000,2,1.309760,1,0.808625,14.880226,1.830319,0.486592,55.424717
2017-09-07,sz.000338,6.6046380400,6.6046380400,6.4368731700,6.4545326300,6.6046380400,77457844,569867712.0000,2,1.793452,1,-2.272728,14.542039,1.788721,0.475533,54.165065
2017-09-08,sz.000338,6.4545326300,6.5604893900,6.4545326300,6.5163407400,6.4545326300,38275495,281824480.0000,2,0.886227,1,0.957595,14.681293,1.805849,0.480086,54.683745
2017-09-11,sz.000338,6.5163407400,6.6222975000,6.4633623600,6.6222975000,6.5163407400,54942468,406805104.0000,2,1.272133,1,1.626015,14.920013,1.835213,0.487893,55.572912
2017-09-12,sz.000338,6.6134677700,6.7017650700,6.5604893900,6.6222975000,6.6222975000,63424378,477003446.0500,2,1.468523,1,0.000000,14.920013,1.835213,0.487893,55.572912
2017-09-13,sz.000338,6.6487866900,6.7017650700,6.5869785800,6.6841056100,6.6222975000,52241204,393848254.1000,2,1.209588,1,0.933336,15.059267,1.852342,0.492446,56.091592
2017-09-14,sz.000338,6.7017650700,6.8430407500,6.6487866900,6.8430407500,6.6841056100,84772790,647480931.8700,2,1.962822,1,2.377805,15.417347,1.896387,0.504156,57.425342
2017-09-15,sz.000338,6.8607002100,6.9048488600,6.6841056100,6.7194245300,6.8430407500,73322247,559885281.6600,2,1.697697,1,-1.806450,15.138840,1.862129,0.495048,56.387981
2017-09-18,sz.000338,6.7194245300,6.7459137200,6.6311272300,6.7105948000,6.7194245300,41572095,315009769.3900,2,0.962557,1,-0.131409,15.118947,1.859682,0.494398,56.313884
2017-09-19,sz.000338,6.7282542600,6.7370839900,6.6046380400,6.6222975000,6.7105948000,45500868,342289459.2700,2,1.053523,1,-1.315788,14.920013,1.835213,0.487893,55.572912
2017-09-20,sz.000338,6.6222975000,6.6664461500,6.5781488500,6.6487866900,6.6222975000,27787476,209095345.1100,2,0.643389,1,0.400003,14.979693,1.842554,0.489844,55.795203
2017-09-21,sz.000338,6.6487866900,6.6664461500,6.5340002000,6.5516596600,6.6487866900,43526666,325793434.5000,2,1.007813,1,-1.460825,14.760866,1.815637,0.482689,54.980134
2017-09-22,sz.000338,6.5428299300,6.5781488500,6.4368731700,6.4633623600,6.5516596600,50146618,368524705.9700,2,1.161090,1,-1.347708,14.561933,1.791168,0.476183,54.239162
2017-09-25,sz.000338,6.4633623600,6.5604893900,6.4368731700,6.4457029000,6.4633623600,37033722,271873003.2900,2,0.857476,1,-0.273224,14.522146,1.786274,0.474882,54.090968
2017-09-26,sz.000338,6.4633623600,6.5604893900,6.4545326300,6.5340002000,6.4457029000,42974316,317468109.5900,2,0.995024,1,1.369862,14.721080,1.810743,0.481387,54.831940
2017-09-27,sz.000338,6.4986812800,6.5604893900,6.4810218200,6.4898515500,6.5340002000,33395053,246188507.3700,2,0.773226,1,-0.675678,14.621613,1.798509,0.478135,54.461454
2017-09-28,sz.000338,6.5075110100,6.5428299300,6.4545326300,6.5075110100,6.4898515500,36042500,265557448.2800,2,0.834525,1,0.272109,14.661400,1.803402,0.479436,54.609648
2017-09-29,sz.000338,6.5163407400,6.6134677700,6.5075110100,6.6134677700,6.5075110100,49163718,366871171.8100,2,1.138332,1,1.628221,14.900120,1.832766,0.487242,55.498815
2017-10-09,sz.000338,6.6841056100,6.7017650700,6.6134677700,6.6487866900,6.6134677700,47521507,358254006.3000,2,1.100309,1,0.534051,14.979693,1.842554,0.489844,55.795203
2017-10-10,sz.000338,6.6576164200,6.7017650700,6.6222975000,6.6664461500,6.6487866900,40626801,306336875.1100,2,0.940669,1,0.265604,15.019480,1.847448,0.491145,55.943398
2017-10-11,sz.000338,6.6664461500,6.6929353400,6.6134677700,6.6399569600,6.6664461500,39114568,294626371.3600,2,0.905655,1,-0.397354,14.959800,1.840107,0.489194,55.721106
2017-10-12,sz.000338,6.6576164200,6.6929353400,6.6311272300,6.6929353400,6.6399569600,45399005,342574988.4000,2,1.051165,1,0.797872,15.079160,1.854788,0.493097,56.165690
2017-10-13,sz.000338,6.7017650700,7.0549542700,6.6664461500,7.0196353500,6.6929353400,144976174,1136423324.4400,2,3.356766,1,4.881265,15.815214,1.945326,0.517166,58.907287
2017-10-16,sz.000338,7.0196353500,7.0284650800,6.8607002100,6.9401677800,7.0196353500,80346061,631556824.8800,2,1.860326,1,-1.132071,15.636174,1.923303,0.511312,58.240412
2017-10-17,sz.000338,6.9489975100,6.9754867000,6.8607002100,6.9313380500,6.9401677800,43569112,340402435.2000,2,1.008795,1,-0.127229,15.616280,1.920856,0.510661,58.166314
2017-10-18,sz.000338,6.9136785900,7.0108056200,6.8960191300,6.9313380500,6.9313380500,44061693,346825919.0400,2,1.020201,1,0.000000,15.616280,1.920856,0.510661,58.166314
2017-10-19,sz.000338,6.9313380500,6.9401677800,6.6929353400,6.7017650700,6.9313380500,69285908,532090745.9200,2,1.604240,1,-3.312099,15.099053,1.857235,0.493747,56.239787
2017-10-20,sz.000338,6.7017660000,6.7468047500,6.5936730000,6.7197815000,6.7017660000,59052608,436496714.1800,2,1.367299,1,0.268817,14.840440,1.825425,0.485291,55.276523
2017-10-23,sz.000338,6.6927582500,6.8008512500,6.6747427500,6.7558125000,6.7197815000,43541320,325333064.4300,2,1.008152,1,0.536192,14.920013,1.835213,0.487893,55.572912
2017-10-24,sz.000338,6.7648202500,6.9359675000,6.7648202500,6.8819210000,6.7558125000,58549573,446905943.8400,2,1.355652,1,1.866665,15.198520,1.869470,0.497000,56.610273
2017-10-25,sz.000338,6.9810062500,7.0440605000,6.9539830000,6.9719985000,6.8819210000,49406951,383932946.8400,2,1.143964,1,1.308899,15.397454,1.893940,0.503505,57.351245
2017-10-26,sz.000338,6.9990217500,7.2512387500,6.9810062500,7.1881845000,6.9719985000,105461082,837172507.0100,2,2.441837,1,3.100779,15.874894,1.952666,0.519118,59.129578
2017-10-27,sz.000338,7.1521535000,7.2152077500,7.0800915000,7.1521535000,7.1881845000,62385430,493654035.7400,2,1.444467,1,-0.501253,15.795321,1.942879,0.516516,58.833189
2017-10-30,sz.000338,7.1521535000,7.3142930000,7.1161225000,7.2152077500,7.1521535000,85166903,682407382.6500,2,1.971947,1,0.881614,15.934574,1.960007,0.521069,59.351870
2017-10-31,sz.000338,7.4223860000,7.6205565000,7.3233007500,7.5214712500,7.2152077500,153506437,1275270954.3500,2,3.554275,1,4.244696,12.133048,2.012532,0.472062,7.946249
2017-11-01,sz.000338,7.5214712500,7.8907890000,7.4944480000,7.7466650000,7.5214712500,155279874,1333277828.1900,2,3.595337,1,2.994012,12.496313,2.072787,0.486196,8.184160
2017-11-02,sz.000338,7.7376572500,7.8637657500,7.6205565000,7.7376572500,7.7466650000,105944379,906987250.4900,2,2.453027,1,-0.116282,12.481783,2.070377,0.485631,8.174644
2017-11-03,sz.000338,7.7376572500,7.7826960000,7.3052852500,7.4223860000,7.7376572500,146716609,1222122648.6500,2,3.397064,1,-4.074510,11.973212,1.986019,0.465844,7.841567
2017-11-06,sz.000338,7.4584170000,7.9268200000,7.3233007500,7.9268200000,7.4223860000,163187492,1384001093.8900,2,3.778429,1,6.796122,12.786925,2.120991,0.497503,8.374489
2017-11-07,sz.000338,7.9358277500,8.0078897500,7.8007115000,7.8727735000,7.9268200000,109262241,956364827.3700,2,2.529848,1,-0.681823,12.699742,2.106530,0.494111,8.317391
2017-11-08,sz.000338,7.8727735000,7.9628510000,7.7016262500,7.7286495000,7.8727735000,106860324,930617403.4300,2,2.474235,1,-1.830662,12.467252,2.067967,0.485065,8.165127
2017-11-09,sz.000338,7.7106340000,7.8637657500,7.6205565000,7.8637657500,7.7286495000,79566550,683684904.2100,2,1.842277,1,1.748247,12.685211,2.104120,0.493546,8.307874
2017-11-10,sz.000338,7.8367425000,8.1610215000,7.7917037500,8.0979672500,7.8637657500,145402913,1295390825.7500,2,3.366646,1,2.978239,13.063007,2.166786,0.508244,8.555302
2017-11-13,sz.000338,8.0889595000,8.2871300000,8.0168975000,8.1069750000,8.0979672500,127720571,1158806172.0000,2,2.957231,1,0.111237,13.077537,2.169196,0.508810,8.564819
2017-11-14,sz.000338,8.1069750000,8.2060602500,8.0168975000,8.0259052500,8.1069750000,84289516,756652172.9400,2,1.951632,1,-1.000002,12.946762,2.147504,0.503722,8.479171
2017-11-15,sz.000338,8.0259052500,8.0259052500,7.6836107500,7.7736882500,8.0259052500,120541627,1046898914.7600,2,2.791010,1,-3.142534,12.539905,2.080018,0.487892,8.212710
2017-11-16,sz.000338,7.7646805000,7.9628510000,7.7196417500,7.9268200000,7.7736882500,69431363,607273733.3700,2,1.607608,1,1.969873,12.786925,2.120991,0.497503,8.374489
2017-11-17,sz.000338,7.9268200000,8.0529285000,7.7917037500,7.8367425000,7.9268200000,85770690,753454351.4100,2,1.985927,1,-1.136368,12.641619,2.096889,0.491849,8.279325
2017-11-20,sz.000338,7.7736882500,7.7736882500,7.3863550000,7.7286495000,7.8367425000,116376997,976739922.1300,2,2.694583,1,-1.379309,12.467252,2.067967,0.485065,8.165127
2017-11-21,sz.000338,7.6746030000,7.9718587500,7.6205565000,7.9628510000,7.7286495000,104542836,902124372.0800,2,2.420576,1,3.030306,12.845048,2.130632,0.499764,8.412555
2017-11-22,sz.000338,8.0619362500,8.2240757500,7.9358277500,7.9808665000,7.9628510000,118218567,1060072265.6500,2,2.737222,1,0.226239,12.874109,2.135453,0.500895,8.431588
2017-11-23,sz.000338,7.9898742500,8.1339982500,7.5304790000,7.5575022500,7.9808665000,112753312,980706593.8900,2,2.610680,1,-5.304733,12.191171,2.022173,0.474324,7.984314
2017-11-24,sz.000338,7.5665100000,7.6746030000,7.3863550000,7.6565875000,7.5575022500,95980128,801960293.6400,2,2.222316,1,1.311080,12.351007,2.048685,0.480543,8.088995
2017-11-27,sz.000338,7.6025410000,7.6025410000,7.2422310000,7.3142930000,7.6565875000,96304994,790834375.6900,2,2.229837,1,-4.470590,11.798845,1.957097,0.459060,7.727370
2017-11-28,sz.000338,7.2692542500,7.4313937500,7.2332232500,7.3773472500,7.3142930000,59078329,482459773.9200,2,1.367894,1,0.862065,11.900559,1.973968,0.463017,7.793985
2017-11-29,sz.000338,7.3863550000,7.5124635000,7.2422310000,7.4494092500,7.3773472500,77458096,632941195.8000,2,1.793458,1,0.976812,12.016804,1.993250,0.467540,7.870117
2017-11-30,sz.000338,7.4223860000,7.5034557500,7.3052852500,7.3323085000,7.4494092500,51231396,421097448.9200,2,1.186207,1,-1.571948,11.827906,1.961917,0.460190,7.746403
2017-12-01,sz.000338,7.3683395000,7.4313937500,7.2872697500,7.3593317500,7.3323085000,38555650,314975833.5800,2,0.892714,1,0.368547,11.871498,1.969148,0.461886,7.774952
2017-12-04,sz.000338,7.2962775000,7.3413162500,6.9719985000,7.0080295000,7.3593317500,122131291,970285432.6300,2,2.827817,1,-4.773560,11.304804,1.875149,0.439838,7.403810
2017-12-05,sz.000338,6.9810062500,7.0530682500,6.8548977500,6.9629907500,7.0080295000,108059001,835683888.8200,2,2.501989,1,-0.642676,11.232151,1.863098,0.437011,7.356228
2017-12-06,sz.000338,6.9539830000,7.0260450000,6.7648202500,6.8819210000,6.9629907500,79973260,612463243.9700,2,1.851694,1,-1.164297,11.101376,1.841406,0.431923,7.270579
2017-12-07,sz.000338,6.8999365000,6.9719985000,6.8188667500,6.8368822500,6.8819210000,52267647,399687489.3800,2,1.210201,1,-0.654447,11.028723,1.829355,0.429096,7.222997
2017-12-08,sz.000338,6.8188667500,6.9269597500,6.7377970000,6.9089442500,6.8368822500,53551306,407697148.7000,2,1.239922,1,1.054017,11.144968,1.848637,0.433619,7.299129
2017-12-11,sz.000338,6.9089442500,7.0440605000,6.8909287500,7.0350527500,6.9089442500,62175508,481508530.8400,2,1.439606,1,1.825292,11.348396,1.882380,0.441534,7.432359
2017-12-12,sz.000338,7.0350527500,7.0440605000,6.8639055000,6.8639055000,7.0350527500,48077754,370288461.8000,2,1.113188,1,-2.432779,11.072315,1.836586,0.430792,7.251547
2017-12-13,sz.000338,6.8548977500,6.9179520000,6.8008512500,6.9089442500,6.8639055000,38820008,295234905.1100,2,0.898835,1,0.656170,11.144968,1.848637,0.433619,7.299129
2017-12-14,sz.000338,6.9269597500,6.9719985000,6.8458900000,6.8819210000,6.9089442500,39384280,302204570.6500,2,0.911900,1,-0.391137,11.101376,1.841406,0.431923,7.270579
2017-12-15,sz.000338,6.8458900000,6.8819210000,6.6927582500,6.7197815000,6.8819210000,47112688,354831876.1600,2,1.090843,1,-2.356019,10.839825,1.798022,0.421747,7.099283
2017-12-18,sz.000338,6.7197815000,6.9810062500,6.7107737500,6.9810062500,6.7197815000,66094618,504441965.7200,2,1.530349,1,3.887399,11.261213,1.867919,0.438142,7.375261
2017-12-19,sz.000338,6.9629907500,7.2152077500,6.9179520000,7.1701690000,6.9810062500,98546945,776617289.8300,2,2.281747,1,2.709678,11.566355,1.918533,0.450014,7.575106
2017-12-20,sz.000338,7.1701690000,7.2512387500,7.0710837500,7.0981070000,7.1701690000,61801103,490410459.6500,2,1.430937,1,-1.005024,11.450110,1.899251,0.445491,7.498975
2017-12-21,sz.000338,7.0981070000,7.3863550000,7.0530682500,7.3052852500,7.0981070000,93879072,756750067.3200,2,2.173668,1,2.918776,11.784314,1.954686,0.458494,7.717853
2017-12-22,sz.000338,7.3142930000,7.3863550000,7.2692542500,7.3323085000,7.3052852500,54073574,439447281.0300,2,1.252015,1,0.369922,11.827906,1.961917,0.460190,7.746403
2017-12-25,sz.000338,7.3413162500,7.4043705000,7.2602465000,7.3233007500,7.3323085000,53962955,438344976.4800,2,1.249454,1,-0.122853,11.813375,1.959507,0.459625,7.736886
2017-12-26,sz.000338,7.3233007500,7.4944480000,7.1251302500,7.4764325000,7.3233007500,78869059,641336943.5200,2,1.826127,1,2.091022,12.060395,2.000481,0.469236,7.898666
2017-12-27,sz.000338,7.4133782500,7.6475797500,7.3953627500,7.4404015000,7.4764325000,88870774,742551791.3400,2,2.057706,1,-0.481927,12.002273,1.990840,0.466974,7.860600
2017-12-28,sz.000338,7.4764325000,7.6025410000,7.3503240000,7.5124635000,7.4404015000,79420779,661946593.9500,2,1.838902,1,0.968522,12.118518,2.010121,0.471497,7.936732
2017-12-29,sz.000338,7.4944480000,7.5755177500,7.4764325000,7.5124635000,7.5124635000,43726806,365525628.8800,2,1.012447,1,0.000000,12.118518,2.010121,0.471497,7.936732
2018-01-02,sz.000338,7.5214712500,7.8007115000,7.5124635000,7.7826960000,7.5124635000,97247137,832558802.2100,2,2.251652,1,3.597125,12.554436,2.082428,0.488457,8.222226
2018-01-03,sz.000338,7.8097192500,7.8997967500,7.7016262500,7.7106340000,7.7826960000,87022475,753036957.7600,2,2.014911,1,-0.925925,12.438191,2.063146,0.483935,8.146094
2018-01-04,sz.000338,7.7286495000,7.7736882500,7.6655952500,7.7556727500,7.7106340000,57433469,491706714.7600,2,1.329810,1,0.584103,12.510844,2.075197,0.486761,8.193677
2018-01-05,sz.000338,7.8277347500,7.8367425000,7.6385720000,7.6385720000,7.7556727500,61624381,528221090.7800,2,1.426846,1,-1.509874,12.321946,2.043864,0.479412,8.069963
2018-01-08,sz.000338,7.6746030000,8.0619362500,7.6746030000,8.0439207500,7.6385720000,142656651,1255870790.6800,2,3.303060,1,5.306613,12.975823,2.152324,0.504852,8.498203
2018-01-09,sz.000338,8.0889595000,8.0979672500,7.8907890000,7.9898742500,8.0439207500,94281727,833093841.6800,2,2.182991,1,-0.671897,12.888639,2.137863,0.501460,8.441105
2018-01-10,sz.000338,8.0078897500,8.0529285000,7.8817812500,8.0349130000,7.9898742500,84023159,742515025.6800,2,1.945465,1,0.563700,12.961292,2.149914,0.504287,8.488687
2018-01-11,sz.000338,7.9808665000,7.9988820000,7.8187270000,7.8727735000,8.0349130000,65558665,573945204.7700,2,1.517940,1,-2.017941,12.699742,2.106530,0.494111,8.317391
2018-01-12,sz.000338,7.8367425000,7.9178122500,7.7917037500,7.8097192500,7.8727735000,64142253,558402764.0700,2,1.485144,1,-0.800912,12.598027,2.089659,0.490153,8.250775
2018-01-15,sz.000338,7.8727735000,7.9808665000,7.6655952500,7.7376572500,7.8097192500,92586559,807339142.7800,2,2.143741,1,-0.922721,12.481783,2.070377,0.485631,8.174644
2018-01-16,sz.000338,7.7376572500,8.1790370000,7.7016262500,8.1069750000,7.7376572500,146127078,1303684189.7700,2,3.383414,1,4.772990,13.077537,2.169196,0.508810,8.564819
2018-01-17,sz.000338,8.1069750000,8.1880447500,7.9898742500,8.1790370000,8.1069750000,111222101,998346507.8700,2,2.575227,1,0.888888,13.193782,2.188478,0.513333,8.640950
2018-01-18,sz.000338,8.1610215000,8.3411765000,8.0889595000,8.1520137500,8.1790370000,102327347,932000611.6900,2,2.369278,1,-0.330394,13.150190,2.181247,0.511637,8.612401
2018-01-19,sz.000338,8.1970525000,8.2781222500,8.0619362500,8.0979672500,8.1520137500,63194252,572186783.2200,2,1.463194,1,-0.662988,13.063007,2.166786,0.508244,8.555302
2018-01-22,sz.000338,8.0709440000,8.2150680000,7.9628510000,8.1970525000,8.0979672500,81504209,736101333.4000,2,1.887141,1,1.223589,13.222843,2.193298,0.514463,8.659983
2018-01-23,sz.000338,8.2240757500,8.3141532500,8.1520137500,8.2691145000,8.1970525000,122654490,1122780406.2400,2,2.839931,1,0.879120,13.339088,2.212580,0.518986,8.736115
2018-01-24,sz.000338,8.3051455000,8.4222462500,8.1069750000,8.1249905000,8.2691145000,112482705,1029975780.5200,2,2.604415,1,-1.742918,13.106598,2.174016,0.509940,8.583852
2018-01-25,sz.000338,8.1520137500,8.1790370000,8.0529285000,8.0889595000,8.1249905000,80180771,722464592.5900,2,1.856499,1,-0.443469,13.048476,2.164375,0.507679,8.545786
2018-01-26,sz.000338,8.0889595000,8.1249905000,7.9988820000,8.0709440000,8.0889595000,61220509,548066342.5900,2,1.417494,1,-0.222712,13.019415,2.159555,0.506548,8.526753
2018-01-29,sz.000338,8.1249905000,8.2961377500,8.0709440000,8.1520137500,8.0709440000,100089552,911638007.9800,2,2.317465,1,1.004466,13.150190,2.181247,0.511637,8.612401
2018-01-30,sz.000338,8.1339982500,8.1339982500,8.0168975000,8.0259052500,8.1520137500,58698268,525094605.1800,2,1.359095,1,-1.546965,12.946762,2.147504,0.503722,8.479171
2018-01-31,sz.000338,8.0078897500,8.0078897500,7.7466650000,7.9088045000,8.0259052500,90697750,790928671.2200,2,2.100008,1,-1.459036,12.757864,2.116171,0.496372,8.355457
2018-02-01,sz.000338,7.9088045000,7.9358277500,7.7196417500,7.7917037500,7.9088045000,63799246,553758292.9000,2,1.477202,1,-1.480639,12.568966,2.084838,0.489023,8.231742
2018-02-02,sz.000338,7.7646805000,8.1339982500,7.6746030000,8.1069750000,7.7917037500,82563546,728494985.0600,2,1.911669,1,4.046247,13.077537,2.169196,0.508810,8.564819
2018-02-05,sz.000338,7.9628510000,8.1249905000,7.9358277500,8.1069750000,8.1069750000,63967847,570416407.5800,2,1.481106,1,0.000000,13.077537,2.169196,0.508810,8.564819
2018-02-06,sz.000338,7.9628510000,8.0078897500,7.7466650000,7.8007115000,8.1069750000,91007346,795767510.1800,2,2.107176,1,-3.777780,12.583497,2.087248,0.489588,8.241259
2018-02-07,sz.000338,7.9808665000,8.0168975000,7.3773472500,7.4764325000,7.8007115000,95484635,819735775.6600,2,2.210843,1,-4.157040,12.060395,2.000481,0.469236,7.898666
2018-02-08,sz.000338,7.5034557500,7.6385720000,7.3683395000,7.5484945000,7.4764325000,50064451,418145883.2500,2,1.159188,1,0.963854,12.176640,2.019762,0.473758,7.974798
2018-02-09,sz.000338,7.2152077500,7.3683395000,6.8909287500,6.9810062500,7.5484945000,103294449,814141803.0400,2,2.391671,1,-7.517901,11.261213,1.867919,0.438142,7.375261
2018-02-12,sz.000338,7.0530682500,7.2422310000,6.9629907500,7.1701690000,6.9810062500,42857354,338919620.2600,2,0.992315,1,2.709678,11.566355,1.918533,0.450014,7.575106
2018-02-13,sz.000338,7.2512387500,7.4313937500,7.2512387500,7.2782620000,7.1701690000,43381137,353767740.4700,2,1.004443,1,1.507536,11.740722,1.947456,0.456798,7.689304
2018-02-14,sz.000338,7.3052852500,7.3953627500,7.2962775000,7.3773472500,7.2782620000,32646121,266805596.4800,2,0.755885,1,1.361382,11.900559,1.973968,0.463017,7.793985
2018-02-22,sz.000338,7.5214712500,7.7826960000,7.5214712500,7.7106340000,7.3773472500,76957174,654621250.3400,2,1.781860,1,4.517715,12.438191,2.063146,0.483935,8.146094
2018-02-23,sz.000338,7.7376572500,7.7646805000,7.6115487500,7.6746030000,7.7106340000,43081367,367802151.8900,2,0.997502,1,-0.467289,12.380068,2.053505,0.481673,8.108028
2018-02-26,sz.000338,7.7376572500,7.8277347500,7.6926185000,7.8187270000,7.6746030000,51590028,444913386.6100,2,1.194511,1,1.877932,12.612558,2.092069,0.490719,8.260292
2018-02-27,sz.000338,7.8547580000,7.8817812500,7.5755177500,7.5845255000,7.8187270000,68116835,580460877.6900,2,1.577171,1,-2.995394,12.234763,2.029403,0.476020,8.012864
2018-02-28,sz.000338,7.5845255000,7.7106340000,7.4313937500,7.6565875000,7.5845255000,48630532,410442629.8700,2,1.125987,1,0.950118,12.351007,2.048685,0.480543,8.088995
2018-03-01,sz.000338,7.5484945000,7.7016262500,7.5214712500,7.6565875000,7.6565875000,52527641,444598343.7500,2,1.216220,1,0.000000,12.351007,2.048685,0.480543,8.088995
2018-03-02,sz.000338,7.5845255000,7.6295642500,7.4854402500,7.5034557500,7.6565875000,47954730,401204055.8400,2,1.110340,1,-2.000001,12.103987,2.007711,0.470932,7.927216
2018-03-05,sz.000338,7.5124635000,7.5845255000,7.3593317500,7.3863550000,7.5034557500,48738470,402619598.9400,2,1.128486,1,-1.560626,11.915089,1.976378,0.463582,7.803502
2018-03-06,sz.000338,7.4584170000,7.5484945000,7.4043705000,7.5394867500,7.3863550000,41403404,344385593.1500,2,0.958651,1,2.073172,12.162110,2.017352,0.473193,7.965281
2018-03-07,sz.000338,7.5484945000,7.5845255000,7.4223860000,7.4404015000,7.5394867500,33982611,283560551.0000,2,0.786830,1,-1.314213,12.002273,1.990840,0.466974,7.860600
2018-03-08,sz.000338,7.4404015000,7.5034557500,7.3863550000,7.4313937500,7.4404015000,39656661,326638623.0200,2,0.918207,1,-0.121068,11.987742,1.988429,0.466409,7.851084
2018-03-09,sz.000338,7.5034557500,7.5214712500,7.4133782500,7.4674247500,7.4313937500,36115688,299273135.6600,2,0.836220,1,0.484848,12.045865,1.998070,0.468670,7.889150
2018-03-12,sz.000338,7.5124635000,7.7106340000,7.5124635000,7.6926185000,7.4674247500,72225317,611160106.4000,2,1.672299,1,3.015682,12.409130,2.058326,0.482804,8.127061
2018-03-13,sz.000338,7.6926185000,7.7196417500,7.5845255000,7.5935332500,7.6926185000,46898105,397090889.4500,2,1.085875,1,-1.288052,12.249293,2.031813,0.476585,8.022380
2018-03-14,sz.000338,7.6025410000,7.6115487500,7.4764325000,7.5665100000,7.5935332500,42509327,355369039.6300,2,0.984257,1,-0.355880,12.205701,2.024583,0.474889,7.993831
2018-03-15,sz.000338,7.5304790000,7.6836107500,7.5034557500,7.6385720000,7.5665100000,46344266,391325408.1100,2,1.073051,1,0.952380,12.321946,2.043864,0.479412,8.069963
2018-03-16,sz.000338,7.6295642500,7.6926185000,7.5484945000,7.5484945000,7.6385720000,32007311,270361767.7800,2,0.741094,1,-1.179239,12.176640,2.019762,0.473758,7.974798
2018-03-19,sz.000338,7.5484945000,7.5755177500,7.4584170000,7.4854402500,7.5484945000,28926124,240940615.0400,2,0.669753,1,-0.835319,12.074926,2.002891,0.469801,7.908183
2018-03-20,sz.000338,7.4313937500,7.4404015000,7.2962775000,7.4043705000,7.4854402500,40551361,332071279.3600,2,0.938923,1,-1.083034,11.944151,1.981199,0.464713,7.822534
2018-03-21,sz.000338,7.4223860000,7.4494092500,7.3052852500,7.3233007500,7.4043705000,39024038,319632474.9700,2,0.903559,1,-1.094892,11.813375,1.959507,0.459625,7.736886
2018-03-22,sz.000338,7.3233007500,7.3683395000,7.2242155000,7.2422310000,7.3233007500,35172588,283908918.4400,2,0.814383,1,-1.107013,11.682600,1.937815,0.454537,7.651238
2018-03-23,sz.000338,6.9810062500,7.1701690000,6.8098590000,7.1701690000,7.2422310000,90652962,702134909.5500,2,2.098971,1,-0.995024,11.566355,1.918533,0.450014,7.575106
2018-03-26,sz.000338,7.0170372500,7.0981070000,6.8999365000,7.0440605000,7.1701690000,41791851,324728029.3900,2,0.967645,1,-1.758792,11.362927,1.884790,0.442099,7.441876
2018-03-27,sz.000338,7.1431457500,7.3323085000,7.1071147500,7.3142930000,7.0440605000,51080580,407040496.5800,2,1.182715,1,3.836313,11.798845,1.957097,0.459060,7.727370
2018-03-28,sz.000338,7.2062000000,7.2692542500,7.0981070000,7.2062000000,7.3142930000,40901826,326437530.7300,2,0.947037,1,-1.477831,11.624477,1.928174,0.452275,7.613172
2018-03-29,sz.000338,7.4043705000,7.5484945000,7.3413162500,7.4313937500,7.2062000000,92767040,767954600.3500,2,2.149708,1,3.125000,9.690643,1.872251,0.435294,14.171100
2018-03-30,sz.000338,7.4584170000,7.5124635000,7.4043705000,7.4404015000,7.4313937500,43726674,361601609.3200,2,1.013286,1,0.121215,9.702389,1.874520,0.435821,14.188277
2018-04-02,sz.000338,7.4674247500,7.6385720000,7.4494092500,7.5845255000,7.4404015000,75652704,636097107.3300,2,1.753114,1,1.937044,9.890329,1.910830,0.444263,14.463111
2018-04-03,sz.000338,7.4764325000,7.7196417500,7.4494092500,7.7106340000,7.5845255000,78282197,662655217.0000,2,1.814048,1,1.662712,10.054776,1.942602,0.451650,14.703590
2018-04-04,sz.000338,7.7286495000,7.9268200000,7.6926185000,7.7196417500,7.7106340000,76777159,666483717.0200,2,1.779171,1,0.116814,10.066523,1.944871,0.452178,14.720767
2018-04-09,sz.000338,7.7196417500,7.8097192500,7.6295642500,7.6836107500,7.7196417500,51753959,443004289.9000,2,1.199304,1,-0.466744,10.019538,1.935794,0.450067,14.652059
2018-04-10,sz.000338,7.6655952500,7.7736882500,7.6295642500,7.7376572500,7.6836107500,50704801,434061208.8600,2,1.174992,1,0.703405,10.090015,1.949410,0.453233,14.755121
2018-04-11,sz.000338,7.7646805000,7.7917037500,7.6836107500,7.7016262500,7.7376572500,33319654,285769380.0400,2,0.772123,1,-0.465657,10.043030,1.940332,0.451123,14.686413
2018-04-12,sz.000338,7.6836107500,7.7917037500,7.5394867500,7.5935332500,7.7016262500,41226356,350369457.4600,2,0.955346,1,-1.403507,9.902075,1.913100,0.444791,14.480288
2018-04-13,sz.000338,7.6565875000,7.9088045000,7.6565875000,7.8457502500,7.5935332500,102275515,887877030.2400,2,2.370050,1,3.321468,10.230970,1.976643,0.459565,14.961246
2018-04-16,sz.000338,7.8547580000,7.8727735000,7.5935332500,7.6115487500,7.8457502500,61895521,529189217.0400,2,1.434316,1,-2.985077,9.925568,1.917638,0.445846,14.514642
2018-04-17,sz.000338,7.6295642500,7.7016262500,7.4764325000,7.5034557500,7.6115487500,42517950,358174731.1300,2,0.985276,1,-1.420117,9.784613,1.890406,0.439515,14.308517
2018-04-18,sz.000338,7.5665100000,7.6385720000,7.3593317500,7.5484945000,7.5034557500,50708439,422116063.1900,2,1.175076,1,0.600242,9.843344,1.901753,0.442153,14.394402
2018-04-19,sz.000338,7.5484945000,7.5575022500,7.4584170000,7.5124635000,7.5484945000,35934700,299788102.4400,2,0.832722,1,-0.477326,9.796359,1.892675,0.440042,14.325694
2018-04-20,sz.000338,7.5034557500,7.5124635000,7.2332232500,7.3413162500,7.5124635000,55163055,449371469.3500,2,1.278304,1,-2.278184,9.573181,1.849557,0.430018,13.999329
2018-04-23,sz.000338,7.3503240000,7.3683395000,7.2242155000,7.3323085000,7.3413162500,32179455,260481028.6600,2,0.745701,1,-0.122690,9.561435,1.847287,0.429490,13.982152
2018-04-24,sz.000338,7.3683395000,7.5935332500,7.3593317500,7.5665100000,7.3323085000,49827969,416278656.1400,2,1.154673,1,3.194094,9.866837,1.906292,0.443208,14.428757
2018-04-25,sz.000338,7.5124635000,7.5665100000,7.4584170000,7.4944480000,7.5665100000,27208851,226492672.0600,2,0.630516,1,-0.952380,9.772867,1.888136,0.438987,14.291340
2018-04-26,sz.000338,7.4944480000,7.5124635000,7.3233007500,7.3953627500,7.4944480000,30542590,250685411.0900,2,0.707769,1,-1.322111,9.643658,1.863173,0.433183,14.102392
2018-04-27,sz.000338,7.4494092500,7.4584170000,7.3233007500,7.4494092500,7.3953627500,32468548,266390977.5300,2,0.752400,1,0.730821,9.714136,1.876789,0.436349,14.205454
2018-05-02,sz.000338,7.3863550000,7.4043705000,7.2242155000,7.2602465000,7.4494092500,57928712,469636177.8200,2,1.342393,1,-2.539299,8.539663,1.734601,0.413739,12.001661
2018-05-03,sz.000338,7.2512387500,7.3773472500,7.2062000000,7.3142930000,7.2602465000,38109550,308307792.5900,2,0.883120,1,0.744410,8.603234,1.747514,0.416819,12.091004
2018-05-04,sz.000338,7.3233007500,7.3413162500,7.2602465000,7.2962775000,7.3142930000,29973519,243236268.5500,2,0.694582,1,-0.246299,8.582043,1.743210,0.415793,12.061223
2018-05-07,sz.000338,7.3413162500,7.4313937500,7.2962775000,7.4313937500,7.2962775000,39863230,326142606.7800,2,0.923758,1,1.851847,8.740970,1.775491,0.423492,12.284579
2018-05-08,sz.000338,7.4313937500,7.5394867500,7.3863550000,7.4764325000,7.4313937500,45894932,381134754.9300,2,1.063532,1,0.606063,8.793946,1.786252,0.426059,12.359031
2018-05-09,sz.000338,7.4674247500,7.5034557500,7.4404015000,7.4764325000,7.4764325000,25870498,214637064.4100,2,0.599502,1,0.000000,8.793946,1.786252,0.426059,12.359031
2018-05-10,sz.000338,7.5034557500,7.5304790000,7.4313937500,7.4764325000,7.4764325000,22495059,186649726.3400,2,0.521282,1,0.000000,8.793946,1.786252,0.426059,12.359031
2018-05-11,sz.000338,7.5034557500,7.5214712500,7.4494092500,7.4674247500,7.4764325000,24189831,201026889.3900,2,0.560555,1,-0.120485,8.783351,1.784100,0.425546,12.344140
2018-05-14,sz.000338,7.4764325000,7.6565875000,7.4674247500,7.5845255000,7.4674247500,52041057,438137996.2700,2,1.205957,1,1.568156,8.921087,1.812077,0.432219,12.537715
2018-05-15,sz.000338,7.5845255000,7.6205565000,7.5124635000,7.5935332500,7.5845255000,32932029,276830165.3100,2,0.763140,1,0.118768,8.931682,1.814229,0.432732,12.552606
2018-05-16,sz.000338,7.5575022500,7.6115487500,7.5214712500,7.5665100000,7.5935332500,33291645,279799533.7700,2,0.771474,1,-0.355880,8.899897,1.807773,0.431192,12.507935
2018-05-17,sz.000338,7.6115487500,7.7466650000,7.5935332500,7.6926185000,7.5665100000,71338268,609026688.3400,2,1.653135,1,1.666671,9.048228,1.837903,0.438379,12.716400
2018-05-18,sz.000338,7.6836107500,7.7376572500,7.6295642500,7.7376572500,7.6926185000,38975298,332747359.2000,2,0.903182,1,0.585482,9.101204,1.848663,0.440945,12.790852
2018-05-21,sz.000338,7.7917037500,7.8547580000,7.6385720000,7.6655952500,7.7376572500,57161504,490466995.8400,2,1.324614,1,-0.931315,9.016443,1.831446,0.436839,12.671729
2018-05-22,sz.000338,7.6746030000,7.7826960000,7.6115487500,7.7466650000,7.6655952500,33602184,287601846.4400,2,0.778670,1,1.057581,9.111799,1.850815,0.441459,12.805743
2018-05-23,sz.000338,7.7376572500,7.7736882500,7.6746030000,7.7196417500,7.7466650000,32290801,276978194.4700,2,0.748281,1,-0.348845,9.080014,1.844359,0.439919,12.761071
2018-05-24,sz.000338,7.7106340000,7.7286495000,7.5845255000,7.5935332500,7.7196417500,30306486,256988275.8200,2,0.702298,1,-1.633598,8.931682,1.814229,0.432732,12.552606
2018-05-25,sz.000338,7.6115487500,7.7376572500,7.5935332500,7.7196417500,7.5935332500,46203993,394450462.4800,2,1.070694,1,1.660728,9.080014,1.844359,0.439919,12.761071
2018-05-28,sz.000338,7.7286495000,7.8727735000,7.7286495000,7.8637657500,7.7196417500,64520705,560657069.2900,2,1.495150,1,1.866976,9.249536,1.878793,0.448132,12.999318
2018-05-29,sz.000338,7.8637657500,7.9088045000,7.7736882500,7.7826960000,7.8637657500,38908619,338372963.5800,2,0.901637,1,-1.030919,9.154180,1.859424,0.443512,12.865304
2018-05-30,sz.000338,7.6926185000,7.7286495000,7.5214712500,7.5935332500,7.7826960000,52319844,442792112.3700,2,1.212418,1,-2.430556,8.931682,1.814229,0.432732,12.552606
2018-05-31,sz.000338,7.6655952500,7.8637657500,7.6475797500,7.8637657500,7.5935332500,53685415,462656957.5500,2,1.244062,1,3.558710,9.249536,1.878793,0.448132,12.999318
2018-06-01,sz.000338,7.8097192500,7.9448355000,7.7826960000,7.8097192500,7.8637657500,64280225,560957476.3100,2,1.489578,1,-0.687279,9.185965,1.865880,0.445052,12.909975
2018-06-04,sz.000338,7.8457502500,8.1430060000,7.8187270000,8.0709440000,7.8097192500,113571365,1013266592.6200,2,2.631810,1,3.344867,9.493223,1.928291,0.459938,13.341797
2018-06-05,sz.000338,8.0799517500,8.0979672500,7.9718587500,8.0889595000,8.0709440000,63381850,564845653.6900,2,1.468759,1,0.223209,9.514413,1.932595,0.460965,13.371578
2018-06-06,sz.000338,8.0619362500,8.1339982500,7.9988820000,8.0078897500,8.0889595000,59967710,536173049.8200,2,1.389643,1,-1.002218,9.419057,1.913226,0.456345,13.237564
2018-06-07,sz.000338,8.0619362500,8.1700292500,8.0078897500,8.1339982500,8.0078897500,73595359,660140939.0800,2,1.705439,1,1.574796,9.567389,1.943356,0.463532,13.446030
2018-06-08,sz.000338,8.1249905000,8.1339982500,7.8907890000,7.9718587500,8.1339982500,69723662,617223600.6200,2,1.615719,1,-1.993348,9.376677,1.904618,0.454292,13.178003
2018-06-11,sz.000338,7.9628510000,8.1610215000,7.9088045000,8.0979672500,7.9718587500,59827715,535947925.7300,2,1.386399,1,1.581914,9.525009,1.934747,0.461478,13.386468
2018-06-12,sz.000338,8.0889595000,8.9086647500,8.0889595000,8.7555330000,8.0979672500,299538896,2869506449.1300,2,6.941271,1,8.120139,10.298452,2.091852,0.498951,14.473467
2018-06-13,sz.000338,8.7014865000,8.8996570000,8.6744632500,8.7825562500,8.7555330000,166953626,1627777078.6400,2,3.868848,1,0.308639,10.330237,2.098308,0.500491,14.518138
2018-06-14,sz.000338,8.8005717500,8.8275950000,8.4402617500,8.5123237500,8.7825562500,146673047,1401261824.0400,2,3.398882,1,-3.076925,10.012384,2.033745,0.485091,14.071427
2018-06-15,sz.000338,8.5663702500,8.6924787500,8.3862152500,8.5753780000,8.5123237500,124934078,1187463575.1300,2,2.895121,1,0.740748,10.086550,2.048809,0.488685,14.175659
2018-06-19,sz.000338,8.4672850000,8.4672850000,7.9268200000,7.9808665000,8.5753780000,152555519,1381424114.8400,2,3.535198,1,-6.932781,9.387272,1.906770,0.454805,13.192893
2018-06-20,sz.000338,8.0529285000,8.1700292500,7.8727735000,7.9898742500,7.9808665000,91586902,817348797.3400,2,2.122360,1,0.112869,9.397867,1.908922,0.455319,13.207783
2018-06-21,sz.000338,8.0529285000,8.3591920000,7.9898742500,8.0529285000,7.9898742500,119638125,1085074004.8900,2,2.772397,1,0.789174,9.472033,1.923987,0.458912,13.312016
2018-06-22,sz.000338,7.9628510000,8.2961377500,7.8997967500,8.2510990000,8.0529285000,71237390,643819744.5800,2,1.650797,1,2.460853,9.705126,1.971333,0.470205,13.639605
2018-06-25,sz.000338,8.3231610000,8.3501842500,7.9538432500,7.9718587500,8.2510990000,89007112,798489543.0500,2,2.062578,1,-3.384274,9.376677,1.904618,0.454292,13.178003
2018-06-26,sz.000338,7.8007115000,7.8907890000,7.5304790000,7.7736882500,7.9718587500,84669265,725814558.6500,2,1.962057,1,-2.485878,9.143584,1.857271,0.442999,12.850414
2018-06-27,sz.000338,7.8367425000,8.0619362500,7.7736882500,7.8367425000,7.7736882500,74781284,656865254.0000,2,1.732921,1,0.811120,9.217750,1.872336,0.446592,12.954647
2018-06-28,sz.000338,7.7556727500,7.8547580000,7.5845255000,7.6115487500,7.8367425000,61091859,521854657.3200,2,1.415693,1,-2.873563,8.952872,1.818534,0.433759,12.582387
2018-06-29,sz.000338,7.7016262500,7.9178122500,7.6205565000,7.8817812500,7.6115487500,56498277,489075494.9100,2,1.309245,1,3.550298,9.270726,1.883097,0.449159,13.029099
2018-07-02,sz.000338,7.8907890000,7.9628510000,7.6746030000,7.7196417500,7.8817812500,51367838,446428484.8600,2,1.190356,1,-2.057146,9.080014,1.844359,0.439919,12.761071
2018-07-03,sz.000338,7.7466650000,7.7646805000,7.3052852500,7.6025410000,7.7196417500,94398226,783023464.5600,2,2.187508,1,-1.516921,8.942277,1.816381,0.433246,12.567496
2018-07-04,sz.000338,7.5124635000,7.6115487500,7.2962775000,7.3052852500,7.6025410000,62113612,509247007.2800,2,1.439370,1,-3.909952,8.592638,1.745362,0.416306,12.076113
2018-07-05,sz.000338,7.3142930000,7.3773472500,7.0170372500,7.1521535000,7.3052852500,60872668,485823142.4800,2,1.410614,1,-2.096173,8.412522,1.708776,0.407579,11.822976
2018-07-06,sz.000338,7.1611612500,7.3953627500,7.0890992500,7.3413162500,7.1521535000,59166085,477259295.1700,2,1.371067,1,2.644831,8.635019,1.753970,0.418359,12.135675
2018-07-09,sz.000338,7.3863550000,7.5124635000,7.3503240000,7.4494092500,7.3413162500,50215077,415130314.3900,2,1.163643,1,1.472403,8.762160,1.779796,0.424519,12.314360
2018-07-10,sz.000338,7.6746030000,7.7466650000,7.5575022500,7.6385720000,7.4494092500,88602423,752040839.3200,2,2.053200,1,2.539288,8.984658,1.824990,0.435299,12.627058
2018-07-11,sz.000338,7.4584170000,7.7016262500,7.4043705000,7.6746030000,7.6385720000,58970466,498005842.2000,2,1.366534,1,0.471709,9.027038,1.833598,0.437352,12.686619
2018-07-12,sz.000338,7.6385720000,7.7556727500,7.5755177500,7.6565875000,7.6746030000,107023117,911348103.2800,2,2.480067,1,-0.234747,9.005848,1.829294,0.436326,12.656839
2018-07-13,sz.000338,7.6836107500,7.7106340000,7.6025410000,7.6565875000,7.6565875000,53067304,450876179.8300,2,1.229739,1,0.000000,9.005848,1.829294,0.436326,12.656839
2018-07-16,sz.000338,7.8007115000,7.9088045000,7.7646805000,7.7917037500,7.6565875000,82882886,721664708.5600,2,1.922904,1,1.764701,9.164775,1.861576,0.444025,12.880195
2018-07-17,sz.000338,7.8007115000,7.8007115000,7.6926185000,7.7917037500,7.7917037500,32737654,281225111.2900,2,0.759522,1,0.000000,9.164775,1.861576,0.444025,12.880195
2018-07-18,sz.000338,7.8007115000,7.8547580000,7.6475797500,7.6655952500,7.7917037500,34929250,300437998.7300,2,0.810367,1,-1.618490,9.016443,1.831446,0.436839,12.671729
2018-07-19,sz.000338,7.6565875000,7.7196417500,7.5394867500,7.5845255000,7.6655952500,30674963,259561797.7800,2,0.711667,1,-1.057581,8.921087,1.812077,0.432219,12.537715
2018-07-20,sz.000338,7.5665100000,7.7016262500,7.4313937500,7.6565875000,7.5845255000,55949959,472602294.6400,2,1.298053,1,0.950118,9.005848,1.829294,0.436326,12.656839
2018-07-23,sz.000338,7.6295642500,7.7196417500,7.5394867500,7.6836107500,7.6565875000,61225105,519389907.2100,2,1.420438,1,0.352938,9.037633,1.835750,0.437865,12.701510
2018-07-24,sz.000338,7.6565875000,8.1069750000,7.6565875000,7.9448355000,7.6836107500,160278509,1420343509.9500,2,3.718501,1,3.399765,9.344892,1.898162,0.452752,13.133331
2018-07-25,sz.000338,8.0168975000,8.0529285000,7.9178122500,7.9988820000,7.9448355000,65575792,581620780.4500,2,1.521375,1,0.680277,9.408462,1.911074,0.455832,13.222674
2018-07-26,sz.000338,8.0529285000,8.1430060000,7.9358277500,7.9628510000,7.9988820000,56251579,502046559.8500,2,1.305051,1,-0.450450,9.366082,1.902466,0.453779,13.163112
2018-07-27,sz.000338,7.9988820000,8.0168975000,7.7556727500,7.7826960000,7.9628510000,60624303,528812234.0600,2,1.406499,1,-2.262441,9.154180,1.859424,0.443512,12.865304
2018-07-30,sz.000338,7.8187270000,7.9628510000,7.8007115000,7.8727735000,7.7826960000,49083872,429757026.0400,2,1.138758,1,1.157401,9.260131,1.880945,0.448645,13.014208
2018-07-31,sz.000338,7.9284150000,7.9284150000,7.8078660000,7.9098690000,7.8727770000,42678302,362026488.9400,2,0.990147,1,0.471142,9.037633,1.835750,0.437865,12.701510
2018-08-01,sz.000338,7.9840530000,8.1324210000,7.8913230000,7.9191420000,7.9098690000,59131863,512005813.5500,2,1.371874,1,0.117236,9.048228,1.837903,0.438379,12.716400
2018-08-02,sz.000338,7.8449580000,7.8635040000,7.3627620000,7.4276730000,7.9191420000,123651473,996501884.0700,2,2.868745,1,-6.206086,8.486687,1.723841,0.411173,11.927209
2018-08-03,sz.000338,7.3998540000,7.4184000000,7.1773020000,7.1773020000,7.4276730000,61488376,484296647.2900,2,1.426546,1,-3.370792,8.200619,1.665734,0.397313,11.525168
2018-08-06,sz.000338,7.1958480000,7.2514860000,6.9640230000,7.1958480000,7.1773020000,49742749,383313663.5200,2,1.154044,1,0.258404,8.221809,1.670038,0.398340,11.554949
2018-08-07,sz.000338,7.1865750000,7.4925840000,7.1216640000,7.4462190000,7.1958480000,47528168,374921930.6100,2,1.102665,1,3.479375,8.507878,1.728145,0.412199,11.956990
2018-08-08,sz.000338,7.4647650000,7.5018570000,7.3534890000,7.3627620000,7.4462190000,32556112,261040683.7800,2,0.755310,1,-1.120793,8.412522,1.708776,0.407579,11.822976
2018-08-09,sz.000338,7.3813080000,7.5389490000,7.3442160000,7.5018570000,7.3627620000,29849175,241031022.6300,2,0.692508,1,1.889170,8.571448,1.741058,0.415279,12.046332
2018-08-10,sz.000338,7.5018570000,7.5482220000,7.4091270000,7.4554920000,7.5018570000,24688555,198553963.4100,2,0.572781,1,-0.618049,8.518473,1.730297,0.412713,11.971880
2018-08-13,sz.000338,7.3534890000,7.3813080000,7.2422130000,7.3627620000,7.4554920000,34023460,267725045.2800,2,0.789353,1,-1.243780,8.412522,1.708776,0.407579,11.822976
2018-08-14,sz.000338,7.3442160000,7.3627620000,7.2143940000,7.2793050000,7.3627620000,37513413,294049106.8200,2,0.870321,1,-1.133503,8.317165,1.689407,0.402959,11.688963
2018-08-15,sz.000338,7.2978510000,7.3163970000,7.0845720000,7.1216640000,7.2793050000,34458363,266330254.3300,2,0.799443,1,-2.165606,8.137049,1.652821,0.394233,11.435826
2018-08-16,sz.000338,7.0474800000,7.1773020000,6.9825690000,7.0938450000,7.1216640000,25225297,193078809.6600,2,0.585233,1,-0.390622,8.105263,1.646365,0.392693,11.391155
2018-08-17,sz.000338,7.1680290000,7.1865750000,6.9454770000,6.9547500000,7.0938450000,29488804,223690203.5400,2,0.684148,1,-1.960786,7.946336,1.614083,0.384993,11.167799
2018-08-20,sz.000338,6.9454770000,7.0103880000,6.8898390000,6.9918420000,6.9547500000,23559907,176617983.9100,2,0.546596,1,0.533333,7.988717,1.622691,0.387046,11.227360
2018-08-21,sz.000338,6.9918420000,7.1494830000,6.9640230000,7.1216640000,6.9918420000,23450627,179665032.2600,2,0.544060,1,1.856762,8.137049,1.652821,0.394233,11.435826
2018-08-22,sz.000338,7.1402100000,7.1402100000,7.0567530000,7.0845720000,7.1216640000,14828204,113321060.1200,2,0.344018,1,-0.520833,8.094668,1.644213,0.392180,11.376264
2018-08-23,sz.000338,7.0938450000,7.1309370000,6.9269310000,7.0011150000,7.0845720000,29918872,226001948.8500,2,0.694125,1,-1.178006,7.999312,1.624844,0.387560,11.242251
2018-08-24,sz.000338,6.9640230000,7.0660260000,6.9454770000,7.0196610000,7.0011150000,14783640,111793808.2000,2,0.342984,1,0.264900,8.020502,1.629148,0.388586,11.272032
2018-08-27,sz.000338,7.0289340000,7.2051210000,7.0289340000,7.2051210000,7.0196610000,34684827,267320035.1800,2,0.804697,1,2.642005,8.232405,1.672190,0.398853,11.569840
2018-08-28,sz.000338,7.2236670000,7.2978510000,7.1587560000,7.2793050000,7.2051210000,29129185,227397146.0300,2,0.675804,1,1.029600,8.317165,1.689407,0.402959,11.688963
2018-08-29,sz.000338,7.3163970000,7.3534890000,7.1958480000,7.2514860000,7.2793050000,25309797,197958183.8300,2,0.587194,1,-0.382162,7.313675,1.691407,0.387187,8.577294
2018-08-30,sz.000338,7.3256700000,7.3720350000,7.1865750000,7.3071240000,7.2514860000,36770996,288213576.2300,2,0.853096,1,0.767263,7.369790,1.704384,0.390157,8.643105
2018-08-31,sz.000338,7.3442160000,7.5204030000,7.3163970000,7.4184000000,7.3071240000,67540519,541526485.1200,2,1.566957,1,1.522841,7.482020,1.730339,0.396099,8.774726
2018-09-03,sz.000338,7.4184000000,7.5389490000,7.3905810000,7.5111300000,7.4184000000,61852312,500956902.5100,2,1.434989,1,1.250005,7.575545,1.751969,0.401050,8.884410
2018-09-04,sz.000338,7.4925840000,7.5296760000,7.3998540000,7.4740380000,7.5111300000,38363272,308675573.0700,2,0.890037,1,-0.493827,7.538135,1.743317,0.399070,8.840536
2018-09-05,sz.000338,7.4276730000,7.4647650000,7.2329400000,7.2422130000,7.4740380000,38977988,307581447.5600,2,0.904299,1,-3.101743,7.304322,1.689244,0.386692,8.566326
2018-09-06,sz.000338,7.2143940000,7.2885780000,7.0567530000,7.0938450000,7.2422130000,34592070,267218382.1500,2,0.802545,1,-2.048654,7.154682,1.654637,0.378770,8.390831
2018-09-07,sz.000338,7.1402100000,7.2514860000,7.1031180000,7.1587560000,7.0938450000,27135652,210212473.2000,2,0.629554,1,0.915029,7.220149,1.669777,0.382235,8.467610
2018-09-10,sz.000338,7.1680290000,7.1680290000,7.0567530000,7.0660260000,7.1587560000,29569831,226010082.6800,2,0.686027,1,-1.295336,7.126624,1.648148,0.377284,8.357926
2018-09-11,sz.000338,7.0752990000,7.1494830000,6.9918420000,7.1309370000,7.0660260000,39481598,302219679.7900,2,0.915983,1,0.918637,7.192092,1.663289,0.380750,8.434705
2018-09-12,sz.000338,7.1587560000,7.2607590000,7.1216640000,7.2329400000,7.1309370000,32507260,252422350.4200,2,0.754177,1,1.430431,7.294969,1.687081,0.386196,8.555358
2018-09-13,sz.000338,7.2885780000,7.3720350000,7.2143940000,7.3534890000,7.2329400000,27402246,215269010.3800,2,0.635739,1,1.666662,7.416552,1.715199,0.392633,8.697947
2018-09-14,sz.000338,7.3905810000,7.5018570000,7.3627620000,7.4554920000,7.3534890000,38548154,309463984.1600,2,0.894327,1,1.387139,7.519430,1.738991,0.398079,8.818599
2018-09-17,sz.000338,7.4554920000,7.4554920000,7.3627620000,7.3720350000,7.4554920000,28125211,224754632.7700,2,0.652512,1,-1.119405,7.435257,1.719525,0.393623,8.719884
2018-09-18,sz.000338,7.3442160000,7.4925840000,7.3163970000,7.4833110000,7.3720350000,30034740,240018259.7300,2,0.696813,1,1.509433,7.547488,1.745480,0.399565,8.851505
2018-09-19,sz.000338,7.4833110000,7.6502250000,7.4462190000,7.6502250000,7.4833110000,55995844,458430145.0200,2,1.299117,1,2.230487,7.715833,1.784412,0.408477,9.048936
2018-09-20,sz.000338,7.6502250000,7.6965900000,7.5945870000,7.6224060000,7.6502250000,34020395,280235841.4800,2,0.789282,1,-0.363633,7.687776,1.777924,0.406992,9.016031
2018-09-21,sz.000338,7.6687710000,7.9005960000,7.6409520000,7.8820500000,7.6224060000,55830028,468961138.5700,2,1.295271,1,3.406323,7.949646,1.838486,0.420855,9.323146
2018-09-25,sz.000338,7.7893200000,7.8542310000,7.7429550000,7.8171390000,7.8820500000,27706045,233340598.4500,2,0.642787,1,-0.823526,7.884179,1.823345,0.417389,9.246367
2018-09-26,sz.000338,7.8449580000,8.0860560000,7.8449580000,7.9098690000,7.8171390000,57972646,498673855.9000,2,1.344980,1,1.186233,7.977704,1.844974,0.422340,9.356051
2018-09-27,sz.000338,7.9376880000,8.0025990000,7.8449580000,7.9098690000,7.9098690000,35957849,307128383.2700,2,0.834231,1,0.000000,7.977704,1.844974,0.422340,9.356051
2018-09-28,sz.000338,7.9840530000,8.0118720000,7.8635040000,7.9284150000,7.9098690000,38977204,333210971.2800,2,0.904281,1,0.234472,7.996409,1.849300,0.423331,9.377988
2018-10-08,sz.000338,7.7893200000,7.8820500000,7.7058630000,7.7429550000,7.9284150000,55773582,469765228.6100,2,1.293961,1,-2.339179,7.809358,1.806042,0.413428,9.158620
2018-10-09,sz.000338,7.8078660000,7.9376880000,7.8078660000,7.8542310000,7.7429550000,41672055,354134731.1900,2,0.966802,1,1.437124,7.921589,1.831997,0.419370,9.290241
2018-10-10,sz.000338,7.8913230000,8.0118720000,7.8542310000,7.8727770000,7.8542310000,36875225,314824147.7200,2,0.855514,1,0.236122,7.940294,1.836323,0.420360,9.312178
2018-10-11,sz.000338,7.6502250000,7.6594980000,7.3349430000,7.5018570000,7.8727770000,72223382,584312496.8100,2,1.675600,1,-4.711421,7.566193,1.749806,0.400555,8.873441
2018-10-12,sz.000338,7.4184000000,7.5667680000,7.2514860000,7.5204030000,7.5018570000,45697523,366039268.0200,2,1.060194,1,0.247213,7.584898,1.754132,0.401545,8.895378
2018-10-15,sz.000338,7.5389490000,7.5482220000,7.2885780000,7.2978510000,7.5204030000,41200660,328249943.7200,2,0.955866,1,-2.959307,7.360437,1.702221,0.389662,8.632136
2018-10-16,sz.000338,7.3163970000,7.3627620000,7.1680290000,7.2143940000,7.2978510000,36031175,280940708.8600,2,0.835932,1,-1.143579,7.276264,1.682755,0.385206,8.533421
2018-10-17,sz.000338,7.2978510000,7.3349430000,7.0474800000,7.1865750000,7.2143940000,40602208,313207446.9500,2,0.941981,1,-0.385607,7.248207,1.676266,0.383721,8.500516
2018-10-18,sz.000338,7.1309370000,7.2236670000,7.0938450000,7.1402100000,7.1865750000,37002810,285677436.9600,2,0.858474,1,-0.645164,7.201444,1.665452,0.381245,8.445673
2018-10-19,sz.000338,7.0474800000,7.2700320000,6.8805660000,7.2422130000,7.1402100000,46493069,355299079.3100,2,1.078651,1,1.428573,7.304322,1.689244,0.386692,8.566326
2018-10-22,sz.000338,7.2885780000,7.6780440000,7.2607590000,7.5853140000,7.2422130000,56758968,457668649.3900,2,1.316822,1,4.737521,7.650365,1.769272,0.405011,8.972157
2018-10-23,sz.000338,7.6042752800,7.6042752800,7.3672342800,7.4051608400,7.5853120000,42650046,335534994.7200,2,0.989492,1,-2.375001,7.304322,1.689244,0.386692,8.566326
2018-10-24,sz.000338,7.3482710000,7.4525690400,7.3008628000,7.3103444400,7.4051608400,29798980,231409885.4300,2,0.691344,1,-1.280409,7.210797,1.667615,0.381740,8.456642
2018-10-25,sz.000338,7.1017483600,7.2913811600,7.0448585200,7.2629362400,7.3103444400,28888894,218573136.0800,2,0.670230,1,-0.648511,7.164034,1.656800,0.379265,8.401800
2018-10-26,sz.000338,7.3103444400,7.4810139600,7.3008628000,7.3577526400,7.2629362400,25178515,195681424.3500,2,0.584148,1,1.305488,7.257559,1.678429,0.384216,8.511484
2018-10-29,sz.000338,7.3008628000,7.3482710000,7.1301932800,7.1776014800,7.3577526400,24493395,186200961.4900,2,0.568253,1,-2.448454,7.079861,1.637334,0.374809,8.303084
2018-10-30,sz.000338,7.1586382000,7.2724178800,7.0448585200,7.1586382000,7.1776014800,32259030,243519895.4500,2,0.748418,1,-0.264201,7.061156,1.633008,0.373818,8.281147
2018-10-31,sz.000338,7.0164136000,7.1207116400,6.9784870400,7.0638218000,7.1586382000,64400213,478975922.5700,2,1.494101,1,-1.324508,7.260046,1.593897,0.376605,-58.607926
2018-11-01,sz.000338,7.1112300000,7.2439729600,7.0638218000,7.1017483600,7.0638218000,58331834,438764568.8100,2,1.353313,1,0.536912,7.299026,1.602455,0.378628,-58.922600
2018-11-02,sz.000338,7.1965647600,7.3008628000,7.1207116400,7.2913811600,7.1017483600,82096649,624141153.0400,2,1.904663,1,2.670231,7.493927,1.645244,0.388738,-60.495967
2018-11-05,sz.000338,7.2818995200,7.2818995200,7.1017483600,7.1681198400,7.2913811600,59827041,453199073.1600,2,1.388002,1,-1.690509,7.367241,1.617431,0.382166,-59.473278
2018-11-06,sz.000338,7.1301932800,7.1681198400,7.0827850800,7.1491565600,7.1681198400,33662909,252837637.6500,2,0.780988,1,-0.264550,7.347751,1.613152,0.381155,-59.315941
2018-11-07,sz.000338,7.1586382000,7.1965647600,7.1112300000,7.1301932800,7.1491565600,34824637,262623844.2500,2,0.807940,1,-0.265252,7.328261,1.608873,0.380144,-59.158605
2018-11-08,sz.000338,7.1870831200,7.2060464000,7.0827850800,7.1017483600,7.1301932800,30287793,227948109.8400,2,0.702684,1,-0.398939,7.299026,1.602455,0.378628,-58.922600
2018-11-09,sz.000338,7.0733034400,7.1017483600,7.0069319600,7.0258952400,7.1017483600,30197156,224107010.3400,2,0.700582,1,-1.068090,7.221066,1.585339,0.374583,-58.293253
2018-11-12,sz.000338,6.9974503200,7.1112300000,6.9974503200,7.1017483600,7.0258952400,34081981,253822518.4600,2,0.790710,1,1.079621,7.299026,1.602455,0.378628,-58.922600
2018-11-13,sz.000338,7.0164136000,7.1586382000,7.0069319600,7.1396749200,7.1017483600,48338813,361140062.4800,2,1.121472,1,0.534051,7.338006,1.611013,0.380650,-59.237273
2018-11-14,sz.000338,7.1396749200,7.1776014800,7.0922667200,7.1017483600,7.1396749200,37667260,283206469.0000,2,0.873890,1,-0.531214,7.299026,1.602455,0.378628,-58.922600
2018-11-15,sz.000338,7.1112300000,7.1586382000,7.1017483600,7.1491565600,7.1017483600,43767035,328862455.1500,2,1.015406,1,0.667559,7.347751,1.613152,0.381155,-59.315941
2018-11-16,sz.000338,7.1586382000,7.3008628000,7.1586382000,7.2344913200,7.1491565600,53287964,405940073.4100,2,1.236294,1,1.193636,7.435457,1.632407,0.385705,-60.023957
2018-11-19,sz.000338,7.2344913200,7.2913811600,7.2060464000,7.2913811600,7.2344913200,41372761,316227296.0400,2,0.959858,1,0.786369,7.493927,1.645244,0.388738,-60.495967
2018-11-20,sz.000338,7.2534546000,7.2534546000,7.1207116400,7.1396749200,7.2913811600,44443612,336314508.6000,2,1.031103,1,-2.080622,7.338006,1.611013,0.380650,-59.237273
2018-11-21,sz.000338,7.0638218000,7.1681198400,7.0448585200,7.1207116400,7.1396749200,23482122,176421577.3000,2,0.544791,1,-0.265604,7.318516,1.606734,0.379639,-59.079936
2018-11-22,sz.000338,7.1301932800,7.1776014800,7.1112300000,7.1586382000,7.1207116400,18007753,135670121.9100,2,0.417784,1,0.532623,7.357496,1.615292,0.381661,-59.394610
2018-11-23,sz.000338,7.1586382000,7.1776014800,7.0353768800,7.0448585200,7.1586382000,28051246,209566235.6500,2,0.650796,1,-1.589409,7.240556,1.589618,0.375594,-58.450589
2018-11-26,sz.000338,7.0353768800,7.1301932800,7.0258952400,7.0638218000,7.0448585200,21739742,162236182.2200,2,0.504367,1,0.269179,7.260046,1.593897,0.376605,-58.607926
2018-11-27,sz.000338,7.0922667200,7.1017483600,7.0353768800,7.0543401600,7.0638218000,17217193,128224966.0400,2,0.399443,1,-0.134225,7.250301,1.591758,0.376100,-58.529258
2018-11-28,sz.000338,7.0448585200,7.1491565600,7.0353768800,7.1396749200,7.0543401600,19378423,145100442.2600,2,0.449584,1,1.209679,7.338006,1.611013,0.380650,-59.237273
2018-11-29,sz.000338,7.1681198400,7.1870831200,7.0733034400,7.0827850800,7.1396749200,21097405,159054376.5800,2,0.489465,1,-0.796818,7.279536,1.598176,0.377616,-58.765263
2018-11-30,sz.000338,7.1112300000,7.1681198400,7.0733034400,7.1301932800,7.0827850800,19612385,147518275.6400,2,0.455012,1,0.669347,7.328261,1.608873,0.380144,-59.158605
2018-12-03,sz.000338,7.2534546000,7.3482710000,7.1965647600,7.2913811600,7.1301932800,59298736,456107678.2800,2,1.375745,1,2.260639,7.493927,1.645244,0.388738,-60.495967
2018-12-04,sz.000338,7.3293077200,7.4336057600,7.3008628000,7.3482710000,7.2913811600,42781582,332313881.3800,2,0.992543,1,0.780233,7.552397,1.658081,0.391771,-60.967977
2018-12-05,sz.000338,7.2534546000,7.3387893600,7.2344913200,7.2913811600,7.3482710000,26151821,201187699.5600,2,0.606729,1,-0.774193,7.493927,1.645244,0.388738,-60.495967
2018-12-06,sz.000338,7.2629362400,7.2818995200,7.1965647600,7.2060464000,7.2913811600,21826270,166528464.9800,2,0.506375,1,-1.170353,7.406222,1.625989,0.384188,-59.787951
2018-12-07,sz.000338,7.2155280400,7.2724178800,7.2155280400,7.2250096800,7.2060464000,14316054,109381499.8900,2,0.332136,1,0.263158,7.425712,1.630268,0.385199,-59.945288
2018-12-10,sz.000338,7.1870831200,7.2250096800,7.1112300000,7.1207116400,7.2250096800,19902112,150171251.3100,2,0.461734,1,-1.443565,7.318516,1.606734,0.379639,-59.079936
2018-12-11,sz.000338,7.1681198400,7.1965647600,7.1301932800,7.1586382000,7.1207116400,12683414,95718845.6600,2,0.294258,1,0.532623,7.357496,1.615292,0.381661,-59.394610
2018-12-12,sz.000338,7.1870831200,7.2060464000,7.1396749200,7.1965647600,7.1586382000,15020859,113713226.4000,2,0.348488,1,0.529801,7.396477,1.623850,0.383683,-59.709283
2018-12-13,sz.000338,7.2060464000,7.3577526400,7.1965647600,7.3198260800,7.1965647600,30627717,236145678.5700,2,0.710571,1,1.712775,7.523162,1.651663,0.390254,-60.731972
2018-12-14,sz.000338,7.3198260800,7.3672342800,7.2913811600,7.3008628000,7.3198260800,32345593,250140921.2700,2,0.750426,1,-0.259067,7.503672,1.647384,0.389243,-60.574635
2018-12-17,sz.000338,7.2818995200,7.4525690400,7.2724178800,7.4525690400,7.3008628000,43078331,336085384.0100,2,0.999428,1,2.077926,7.659592,1.681615,0.397331,-61.833329
2018-12-18,sz.000338,7.3767159200,7.4999772400,7.3482710000,7.4051608400,7.4525690400,33793630,264095552.0900,2,0.784021,1,-0.636135,7.610867,1.670918,0.394804,-61.439987
2018-12-19,sz.000338,7.4241241200,7.5379038000,7.4051608400,7.4336057600,7.4051608400,34821110,274135390.6700,2,0.807858,1,0.384126,7.640102,1.677336,0.396320,-61.675992
2018-12-20,sz.000338,7.3861975600,7.4525690400,7.3008628000,7.3767159200,7.4336057600,28635206,222860132.1000,2,0.664344,1,-0.765305,7.581632,1.664499,0.393287,-61.203982
2018-12-21,sz.000338,7.3577526400,7.4051608400,7.3293077200,7.4051608400,7.3767159200,31715739,246834230.0900,2,0.735813,1,0.385601,7.610867,1.670918,0.394804,-61.439987
2018-12-24,sz.000338,7.3956792000,7.4241241200,7.3008628000,7.3577526400,7.4051608400,22055622,171278752.1700,2,0.511696,1,-0.640201,7.562142,1.660220,0.392276,-61.046645
2018-12-25,sz.000338,7.3293077200,7.3293077200,7.1681198400,7.2629362400,7.3577526400,25802095,196993020.0400,2,0.598615,1,-1.288665,7.464692,1.638826,0.387221,-60.259962
2018-12-26,sz.000338,7.2724178800,7.3008628000,7.1586382000,7.2060464000,7.2629362400,21494513,163360251.4000,2,0.498678,1,-0.783289,7.406222,1.625989,0.384188,-59.787951
2018-12-27,sz.000338,7.3008628000,7.3482710000,7.2250096800,7.2344913200,7.2060464000,34330770,264119309.4700,2,0.796482,1,0.394740,7.435457,1.632407,0.385705,-60.023957
2018-12-28,sz.000338,7.2629362400,7.3387893600,7.2534546000,7.3008628000,7.2344913200,30762567,236912853.5800,2,0.713699,1,0.917427,7.503672,1.647384,0.389243,-60.574635
2019-01-02,sz.000338,7.3387893600,7.3482710000,7.1586382000,7.1681198400,7.3008628000,21615670,164557628.3100,2,0.501489,1,-1.818180,7.367241,1.617431,0.382166,-59.473278
2019-01-03,sz.000338,7.1870831200,7.2250096800,7.0448585200,7.1017483600,7.1681198400,27300830,205390574.5300,2,0.633386,1,-0.925928,7.299026,1.602455,0.378628,-58.922600
2019-01-04,sz.000338,7.0448585200,7.2250096800,7.0258952400,7.2155280400,7.1017483600,20415413,154030303.8700,2,0.473643,1,1.602141,7.415967,1.628128,0.384694,-59.866620
2019-01-07,sz.000338,7.2629362400,7.3008628000,7.2060464000,7.2629362400,7.2155280400,30996428,236955425.8800,2,0.729854,1,0.657026,7.405547,1.625841,0.384153,-59.782503
2019-01-08,sz.000338,7.2818995200,7.2818995200,7.2060464000,7.2629362400,7.2629362400,16094218,122995784.7400,2,0.378961,1,0.000000,7.405547,1.625841,0.384153,-59.782503
2019-01-09,sz.000338,7.3198260800,7.4904956000,7.3008628000,7.3577526400,7.2629362400,45172968,354012679.3200,2,1.064436,1,1.305488,7.502225,1.647066,0.389168,-60.562953
2019-01-10,sz.000338,7.3861975600,7.4715323200,7.3387893600,7.4146424800,7.3577526400,25481535,199378024.4800,2,0.600436,1,0.773195,7.560232,1.659801,0.392177,-61.031224
2019-01-11,sz.000338,7.4146424800,7.5094588800,7.3767159200,7.4904956000,7.4146424800,29177923,229582588.7400,2,0.687536,1,1.023017,7.637574,1.676781,0.396189,-61.655584
2019-01-14,sz.000338,7.5094588800,7.7180549600,7.4999772400,7.5947936400,7.4904956000,49467587,397664990.5500,2,1.165633,1,1.392407,7.743920,1.700129,0.401706,-62.514079
2019-01-15,sz.000338,7.5853120000,7.7370182400,7.5473854400,7.6990916800,7.5947936400,35426063,286999640.9200,2,0.834765,1,1.373279,7.850266,1.723476,0.407222,-63.372575
2019-01-16,sz.000338,7.7085733200,7.7464998800,7.5853120000,7.6990916800,7.6990916800,41382424,334274654.6500,2,0.975118,1,0.000000,7.850266,1.723476,0.407222,-63.372575
2019-01-17,sz.000338,7.6801284000,7.8792428400,7.6706467600,7.8223530000,7.6990916800,54650835,450270106.5800,2,1.287769,1,1.600987,7.975948,1.751069,0.413742,-64.387160
2019-01-18,sz.000338,7.8602795600,7.8697612000,7.7275366000,7.8033897200,7.8223530000,34939395,286961669.8300,2,0.823297,1,-0.242430,7.956612,1.746824,0.412739,-64.231070
2019-01-21,sz.000338,7.8128713600,7.8792428400,7.8033897200,7.8413162800,7.8033897200,29721551,245914305.5600,2,0.700346,1,0.486038,7.995283,1.755314,0.414745,-64.543250
2019-01-22,sz.000338,7.8128713600,7.8697612000,7.7370182400,7.7749448000,7.8413162800,34729545,285672954.9600,2,0.818352,1,-0.846441,7.927609,1.740456,0.411234,-63.996935
2019-01-23,sz.000338,7.8128713600,7.9645776000,7.8128713600,7.8982061200,7.7749448000,39677672,330981315.2900,2,0.934948,1,1.585367,8.053290,1.768049,0.417754,-65.011521
2019-01-24,sz.000338,7.9076877600,7.9266510400,7.7844264400,7.8982061200,7.8982061200,26729943,222109195.6400,2,0.629853,1,0.000000,8.053290,1.768049,0.417754,-65.011521
2019-01-25,sz.000338,7.9361326800,8.2964350000,7.9171694000,8.1542104000,7.8982061200,72806471,625375373.4100,2,1.715580,1,3.241302,8.314321,1.825357,0.431295,-67.118737
2019-01-28,sz.000338,8.2111002400,8.3912514000,8.0688756400,8.1162838400,8.1542104000,55913957,482081294.3000,2,1.317532,1,-0.465116,8.275650,1.816867,0.429289,-66.806557
2019-01-29,sz.000338,8.1257654800,8.3628064800,8.0214674400,8.3438432000,8.1162838400,57819223,501360995.8900,2,1.362427,1,2.803735,8.507678,1.867807,0.441325,-68.679638
2019-01-30,sz.000338,8.2679900800,8.3438432000,8.1731736800,8.2679900800,8.3438432000,37342298,325549879.7900,2,0.879918,1,-0.909090,8.430335,1.850827,0.437313,-68.055277
2019-01-31,sz.000338,8.3248799200,8.4291779600,8.2774717200,8.3912514000,8.2679900800,52076786,458402998.7500,2,1.227115,1,1.490827,8.556017,1.878419,0.443832,-69.069863
2019-02-01,sz.000338,8.4481412400,8.5145127200,8.3628064800,8.5050310800,8.3912514000,45998451,410826972.4500,2,1.083888,1,1.355931,8.672030,1.903889,0.449850,-70.006403
2019-02-11,sz.000338,8.5998474800,8.6946638800,8.4955494400,8.5903658400,8.5050310800,48613990,439219109.6800,2,1.145519,1,1.003346,8.759041,1.922992,0.454364,-70.708809
2019-02-12,sz.000338,8.5998474800,9.0075580000,8.5145127200,8.8558517600,8.5903658400,70589388,656163711.4600,2,1.663338,1,3.090505,9.029740,1.982422,0.468406,-72.894070
2019-02-13,sz.000338,8.8842966800,8.9317048800,8.8368884800,8.9032599600,8.8558517600,43450971,406933207.3800,2,1.023860,1,0.535334,9.078079,1.993035,0.470914,-73.284295
2019-02-14,sz.000338,8.9032599600,8.9601498000,8.8179252000,8.9127416000,8.9032599600,36992086,347224504.6800,2,0.871666,1,0.106489,9.087747,1.995157,0.471415,-73.362340
2019-02-15,sz.000338,8.8748150400,8.8842966800,8.4386596000,8.4860678000,8.9127416000,100344059,910087140.8900,2,2.364464,1,-4.787232,8.652695,1.899644,0.448847,-69.850313
2019-02-18,sz.000338,8.5524392800,9.3299337600,8.5524392800,9.2161540800,8.4860678000,123495127,1171770181.9500,2,2.909986,1,8.603357,9.397117,2.063077,0.487463,-75.859782
2019-02-19,sz.000338,9.2161540800,9.3678603200,9.0170396400,9.1118560400,9.2161540800,70066305,675695113.9300,2,1.651012,1,-1.131693,9.290771,2.039730,0.481947,-75.001286
2019-02-20,sz.000338,9.0928927600,9.1687458800,8.9222232400,9.0644478400,9.1118560400,63240512,603350499.1800,2,1.490172,1,-0.520284,9.242432,2.029117,0.479439,-74.611061
2019-02-21,sz.000338,9.0075580000,9.1403009600,8.9601498000,9.0454845600,9.0644478400,64575143,617315110.6100,2,1.521621,1,-0.209210,9.223096,2.024872,0.478436,-74.454971
2019-02-22,sz.000338,8.9601498000,9.0360029200,8.7325904400,9.0075580000,9.0454845600,69470334,651196148.3500,2,1.636969,1,-0.419287,9.184425,2.016382,0.476430,-74.142791
2019-02-25,sz.000338,9.0075580000,9.5385298400,9.0075580000,9.4057868800,9.0075580000,138398674,1366229719.6100,2,3.261167,1,4.421053,9.590473,2.105528,0.497493,-77.420683
2019-02-26,sz.000338,9.3868236000,9.3963052400,9.0928927600,9.1023744000,9.4057868800,90249899,879126857.8200,2,2.126610,1,-3.225803,9.281103,2.037607,0.481445,-74.923241
2019-02-27,sz.000338,9.1023744000,9.2635622800,8.8274068400,8.9885947200,9.1023744000,77341372,740256276.6900,2,1.822439,1,-1.250009,9.165089,2.012137,0.475427,-73.986701
2019-02-28,sz.000338,9.0075580000,9.0739294800,8.9317048800,9.0644478400,8.9885947200,48496580,460824883.1300,2,1.142753,1,0.843891,9.242432,2.029117,0.479439,-74.611061
2019-03-01,sz.000338,9.1213376800,9.5290482000,9.0928927600,9.5100849200,9.0644478400,103301922,1020149967.6500,2,2.434162,1,4.916311,9.696819,2.128875,0.503010,-78.279178
2019-03-04,sz.000338,9.5574931200,10.4013590800,9.4247501600,10.0979466000,9.5100849200,170207494,1796992660.6800,2,4.010696,1,6.181455,10.296223,2.260471,0.534103,-83.117971
2019-03-05,sz.000338,9.9557220000,10.5625469600,9.8798688800,10.3349876000,10.0979466000,119844472,1303406691.0600,2,2.823964,1,2.347418,10.537919,2.313533,0.546641,-85.069097
2019-03-06,sz.000338,10.2875794000,10.3918774400,10.0315751200,10.1643180800,10.3349876000,102388686,1094977168.1500,2,2.412643,1,-1.651370,10.363898,2.275328,0.537614,-83.664286
2019-03-07,sz.000338,10.0410567600,10.1453548000,9.7945341200,9.9936485600,10.1643180800,99976304,1049276494.4400,2,2.355799,1,-1.679107,10.189877,2.237123,0.528587,-82.259475
2019-03-08,sz.000338,9.6902360800,9.9272770800,9.6238646000,9.7660892000,9.9936485600,86805357,894727051.9500,2,2.045444,1,-2.277038,9.957850,2.186183,0.516551,-80.386394
2019-03-11,sz.000338,9.7755708400,10.0410567600,9.7471259200,9.8988321600,9.7660892000,74813224,780205899.9000,2,1.762867,1,1.359217,10.093199,2.215898,0.523572,-81.479025
2019-03-12,sz.000338,9.9083138000,10.1927630000,9.8134974000,9.9557220000,9.8988321600,81393814,856885447.1000,2,1.917929,1,0.574717,10.151206,2.228633,0.526581,-81.947295
2019-03-13,sz.000338,9.9462403600,9.9462403600,9.6807544400,9.6997177200,9.9557220000,60025999,617986626.2400,2,1.414427,1,-2.571433,9.890175,2.171325,0.513040,-79.840079
2019-03-14,sz.000338,9.6712728000,9.9272770800,9.5954196800,9.6523095200,9.6997177200,53146716,546153906.7300,2,1.252326,1,-0.488751,9.841836,2.160713,0.510532,-79.449854
2019-03-15,sz.000338,9.7186810000,10.1927630000,9.6712728000,10.1169098800,9.6523095200,97046084,1026105841.2200,2,2.286752,1,4.813357,10.315559,2.264716,0.535106,-83.274061
2019-03-18,sz.000338,10.4108407200,10.9038860000,10.2875794000,10.8469961600,10.1169098800,146157287,1632601598.6500,2,3.443987,1,7.216490,11.059981,2.428149,0.573722,-89.283529
2019-03-19,sz.000338,10.8090696000,10.8564778000,10.5720286000,10.6289184400,10.8469961600,87941587,990133242.1800,2,2.072218,1,-2.010486,10.837621,2.379331,0.562188,-87.488493
2019-03-20,sz.000338,10.6763266400,11.4158945600,10.6763266400,11.1314453600,10.6289184400,127959351,1498382430.7700,2,3.015179,1,4.727919,11.350015,2.491824,0.588767,-91.624880
2019-03-21,sz.000338,11.0555922400,11.2167801200,10.8754410800,11.1504086400,11.1314453600,97607170,1138203216.1600,2,2.299973,1,0.170362,11.369351,2.496069,0.589770,-91.780970
2019-03-22,sz.000338,11.1504086400,11.1504086400,10.8090696000,10.9987024000,11.1504086400,59842867,691444442.0700,2,1.410112,1,-1.360543,11.214666,2.462109,0.581746,-90.532250
2019-03-25,sz.000338,10.7616614000,10.8469961600,10.5341020400,10.6194368000,10.9987024000,92810679,1045312833.4900,2,2.186951,1,-3.448281,10.827953,2.377209,0.561686,-87.410448
2019-03-26,sz.000338,10.7426981200,10.9418125600,10.5625469600,10.6573633600,10.6194368000,77613035,877208521.4500,2,1.828840,1,0.357142,10.300486,2.268336,0.559959,10.975129
2019-03-27,sz.000338,10.8564778000,11.1598902800,10.7711430400,11.1598902800,10.6573633600,113885422,1321935860.0200,2,2.683547,1,4.715309,10.786186,2.375294,0.586363,11.492640
2019-03-28,sz.000338,10.9987024000,11.0935188000,10.8185512400,10.8469961600,11.1598902800,61557770,709635554.8100,2,1.450521,1,-2.803746,10.483769,2.308697,0.569923,11.170416
2019-03-29,sz.000338,10.8469961600,11.4158945600,10.6668450000,11.2357434000,10.8469961600,121895359,1430855673.1400,2,2.872290,1,3.583923,10.859499,2.391439,0.590348,11.570754
2019-04-01,sz.000338,11.4064129200,11.7098254000,11.3590047200,11.5486375200,11.2357434000,98624839,1198568108.6900,2,2.323953,1,2.784810,11.161915,2.458036,0.606788,11.892978
2019-04-02,sz.000338,11.6624172000,12.0985726400,11.4348578400,11.9089398400,11.5486375200,110428635,1373685810.0500,2,2.602093,1,3.119869,11.510152,2.534724,0.625719,12.264023
2019-04-03,sz.000338,11.7667152400,12.0606460800,11.7193070400,11.9468664000,11.9089398400,60267341,756135236.7300,2,1.420114,1,0.318471,11.546809,2.542796,0.627712,12.303081
2019-04-04,sz.000338,12.0037562400,12.7338425200,12.0037562400,12.5726546400,11.9468664000,114308109,1500979779.8000,2,2.693507,1,5.238094,12.151641,2.675990,0.660592,12.947528
2019-04-08,sz.000338,12.6010995600,13.8337127600,12.6010995600,13.7578596400,12.5726546400,184414399,2578512654.4400,2,4.345462,1,9.426847,13.297158,2.928252,0.722865,14.168071
2019-04-09,sz.000338,13.6061534000,13.6061534000,12.9614018800,13.1415530400,13.7578596400,164084117,2281866371.1900,2,3.866408,1,-4.479673,12.701489,2.797076,0.690483,13.533389
2019-04-10,sz.000338,12.9898468000,13.5113370000,12.9424386000,13.1415530400,13.1415530400,122222871,1707056119.5600,2,2.880007,1,0.000000,12.701489,2.797076,0.690483,13.533389
2019-04-11,sz.000338,13.0562182800,13.2174061600,12.4399116800,12.5157648000,13.1415530400,121257626,1633476375.7700,2,2.857263,1,-4.761904,12.096657,2.663882,0.657603,12.888942
2019-04-12,sz.000338,12.5631730000,13.0372550000,12.5157648000,12.7053976000,12.5157648000,101633095,1365564424.3000,2,2.394839,1,1.515150,12.279939,2.704243,0.667567,13.084229
2019-04-15,sz.000338,13.0372550000,13.1225897600,12.2028706800,12.2597605200,12.7053976000,144681375,1923072701.2600,2,3.409210,1,-3.507458,11.849225,2.609393,0.644152,12.625304
2019-04-16,sz.000338,12.2597605200,12.6579894000,12.1364992000,12.6579894000,12.2597605200,99167340,1295127498.1900,2,2.336737,1,3.248260,12.234119,2.694153,0.665076,13.035407
2019-04-17,sz.000338,12.6390261200,13.6535616000,12.4683566000,13.2363694400,12.6579894000,170240175,2344692307.6800,2,4.011466,1,4.569286,12.793131,2.817257,0.695465,13.631032
2019-04-18,sz.000338,13.2268878000,13.2268878000,12.7243608800,12.7907323600,13.2363694400,111097536,1510460796.6300,2,2.617855,1,-3.366764,12.362417,2.722406,0.672050,13.172108
2019-04-19,sz.000338,12.6864343200,13.2648143600,12.6485077600,13.0656999200,12.7907323600,103315881,1418065596.5800,2,2.434491,1,2.149740,12.628176,2.780931,0.686498,13.455274
2019-04-22,sz.000338,13.1320714000,13.1699979600,12.5252464400,12.7053976000,13.0656999200,111300966,1502583867.0000,2,2.622648,1,-2.757621,12.279939,2.704243,0.667567,13.084229
2019-04-23,sz.000338,12.6105812000,12.6390261200,12.2787238000,12.4209484000,12.7053976000,78476688,1029916567.5400,2,1.849191,1,-2.238800,12.005015,2.643701,0.652621,12.791298
2019-04-24,sz.000338,12.5347280800,12.7338425200,12.3261320000,12.6105812000,12.4209484000,73896614,977968363.1400,2,1.741268,1,1.526716,12.188298,2.684063,0.662585,12.986585
2019-04-25,sz.000338,12.4399116800,12.4873198800,11.5676008000,11.6150090000,12.6105812000,154418889,1957095563.8000,2,3.638660,1,-7.894738,11.226064,2.472163,0.610276,11.961328
2019-04-26,sz.000338,11.6434539200,11.8046418000,11.4253762000,11.4822660400,11.6150090000,115891618,1415737781.1500,2,2.730820,1,-1.142860,11.097766,2.443910,0.603301,11.824627
2019-04-29,sz.000338,11.7287886800,11.8899765600,11.5201926000,11.6624172000,11.4822660400,99937015,1234247523.8300,2,2.354873,1,1.568956,10.460295,2.316415,0.590520,43.432687
2019-04-30,sz.000338,11.7098254000,11.8330867200,11.5201926000,11.7098254000,11.6624172000,56824050,700555302.8500,2,1.338977,1,0.406506,10.502817,2.325831,0.592921,43.609243
2019-05-06,sz.000338,11.1598902800,11.2357434000,10.5720286000,10.7616614000,11.7098254000,137813338,1584884913.0400,2,3.247374,1,-8.097166,9.652386,2.137505,0.544911,40.078130
2019-05-07,sz.000338,10.8849227200,11.2736699600,10.8185512400,11.2736699600,10.7616614000,121912626,1428943006.0100,2,2.872697,1,4.757709,10.111619,2.239201,0.570836,41.984931
2019-05-08,sz.000338,10.9892207600,11.3779680000,10.9133676400,11.0461106000,11.2736699600,84085565,986246249.1900,2,1.981356,1,-2.018509,9.907516,2.194002,0.559314,41.137464
2019-05-09,sz.000338,10.9133676400,11.1314453600,10.7616614000,10.7901063200,11.0461106000,67378176,775197091.3200,2,1.587670,1,-2.317592,9.677899,2.143154,0.546351,40.184064
2019-05-10,sz.000338,10.9892207600,11.5296742400,10.7142532000,11.5201926000,10.7901063200,113953727,1348846334.0900,2,2.685157,1,6.766252,10.332731,2.288166,0.583319,42.903020
2019-05-13,sz.000338,11.3115965200,11.6624172000,11.2072984800,11.3115965200,11.5201926000,82604299,993731422.4200,2,1.946452,1,-1.810694,10.145636,2.246734,0.572757,42.126176
2019-05-14,sz.000338,11.1788535600,11.4348578400,11.1219637200,11.1883352000,11.3115965200,66936911,794297916.6800,2,1.577273,1,-1.089691,10.035080,2.222251,0.566515,41.667131
2019-05-15,sz.000338,11.3305598000,11.5486375200,11.2167801200,11.4443394800,11.1883352000,78582905,943680194.3300,2,1.851694,1,2.288131,10.264696,2.273100,0.579478,42.620531
2019-05-16,sz.000338,11.4538211200,11.4538211200,11.2641883200,11.3684863600,11.4443394800,58496258,700367951.3800,2,1.378381,1,-0.662800,10.196662,2.258033,0.575637,42.338042
2019-05-17,sz.000338,11.3874496400,11.4253762000,10.6668450000,10.8090696000,11.3684863600,89045200,1032445046.0300,2,2.098223,1,-4.920769,9.694908,2.146921,0.547311,40.254686
2019-05-20,sz.000338,10.6668450000,10.7142532000,10.2970610400,10.5720286000,10.8090696000,85256882,941818056.5800,2,2.008957,1,-2.192982,9.482300,2.099839,0.535309,39.371908
2019-05-21,sz.000338,10.5815102400,10.9512942000,10.5720286000,10.8469961600,10.5720286000,66018566,752476692.7300,2,1.555633,1,2.600897,9.728925,2.154454,0.549232,40.395930
2019-05-22,sz.000338,10.8375145200,11.0461106000,10.7616614000,10.8469961600,10.8469961600,50051799,575351461.7500,2,1.179399,1,0.000000,9.728925,2.154454,0.549232,40.395930
2019-05-23,sz.000338,10.7995879600,10.7995879600,10.4961754800,10.6004735200,10.8469961600,54427408,610545007.5600,2,1.282504,1,-2.272721,9.507813,2.105489,0.536749,39.477841
2019-05-24,sz.000338,10.6668450000,11.0555922400,10.6004735200,10.9038860000,10.6004735200,75515723,863873890.0700,2,1.779420,1,2.862251,9.779951,2.165753,0.552112,40.607797
2019-05-27,sz.000338,11.2072984800,11.5296742400,11.1598902800,11.3684863600,10.9038860000,137077097,1639256435.2900,2,3.230026,1,4.260868,10.196662,2.258033,0.575637,42.338042
2019-05-28,sz.000338,11.1883352000,11.4443394800,11.1124820800,11.3874496400,11.3684863600,94150562,1120730647.7100,2,2.218523,1,0.166809,10.213671,2.261800,0.576597,42.408665
2019-05-29,sz.000338,11.2357434000,11.2641883200,11.1030004400,11.1693719200,11.3874496400,64600549,761269042.4300,2,1.522220,1,-1.915075,10.018072,2.218485,0.565555,41.596509
2019-05-30,sz.000338,11.1693719200,11.5107109600,10.9512942000,11.4253762000,11.1693719200,92531716,1096321716.4000,2,2.180378,1,2.292024,10.247688,2.269333,0.578518,42.549909
2019-05-31,sz.000338,11.4253762000,11.4253762000,11.0650738800,11.0935188000,11.4253762000,72791185,861836063.5100,2,1.715220,1,-2.904567,9.950037,2.203419,0.561714,41.314020
2019-06-03,sz.000338,11.0555922400,11.1693719200,10.8659594400,10.9323309200,11.0935188000,56105643,651102575.7600,2,1.322049,1,-1.452992,9.805464,2.171403,0.553553,40.713731
2019-06-04,sz.000338,10.9607758400,10.9702574800,10.6952899200,10.8564778000,10.9323309200,48261349,548997272.4000,2,1.137210,1,-0.693841,9.737429,2.156337,0.549712,40.431241
2019-06-05,sz.000338,10.9987024000,11.0461106000,10.7142532000,10.7142532000,10.8564778000,45283253,518222341.5500,2,1.067035,1,-1.310040,9.609865,2.128088,0.542510,39.901575
2019-06-06,sz.000338,10.7142532000,10.8280328800,10.6099551600,10.7711430400,10.7142532000,43407957,492172660.2200,2,1.022846,1,0.530969,9.660891,2.139388,0.545391,40.113441
2019-06-10,sz.000338,10.8564778000,11.1788535600,10.8280328800,11.1504086400,10.7711430400,56148252,654815649.7000,2,1.323053,1,3.521132,10.001063,2.214718,0.564595,41.525886
2019-06-11,sz.000338,11.2072984800,11.8994582000,11.1883352000,11.8141234400,11.1504086400,114089557,1395565453.7800,2,2.688357,1,5.952379,10.596364,2.346547,0.598202,43.997665
2019-06-12,sz.000338,11.7193070400,11.9658296800,11.6718988400,11.7572336000,11.8141234400,66858224,833041655.2500,2,1.575418,1,-0.481544,10.545338,2.335247,0.595321,43.785799
2019-06-13,sz.000338,11.6813804800,11.9658296800,11.5486375200,11.8046418000,11.7572336000,75545214,939916653.3200,2,1.780115,1,0.403227,10.587860,2.344664,0.597722,43.962354
2019-06-14,sz.000338,11.7951601600,11.8804949200,11.4822660400,11.5107109600,11.8046418000,53460132,656905864.8300,2,1.259712,1,-2.489955,10.324227,2.286282,0.582839,42.867709
2019-06-17,sz.000338,11.5107109600,11.7761968800,11.4917476800,11.5676008000,11.5107109600,40974659,502358019.1900,2,0.965509,1,0.494229,10.375252,2.297582,0.585719,43.079576
2019-06-18,sz.000338,11.5770824400,11.6813804800,11.3684863600,11.5107109600,11.5676008000,43639663,529150668.7400,2,1.028306,1,-0.491799,10.324227,2.286282,0.582839,42.867709
2019-06-19,sz.000338,11.9373847600,11.9753113200,11.5770824400,11.5770824400,11.5107109600,65016485,805334277.6300,2,1.532020,1,0.576604,10.383757,2.299465,0.586199,43.114887
2019-06-20,sz.000338,11.6055273600,12.0796093600,11.5391558800,12.0606460800,11.5770824400,101436982,1271627363.6400,2,2.390217,1,4.176906,10.817476,2.395512,0.610684,44.915755
2019-06-21,sz.000338,11.9942746000,12.1839074000,11.8615316400,11.9468664000,12.0606460800,78452722,991534487.3500,2,1.848626,1,-0.943395,10.715425,2.372912,0.604923,44.492021
2019-06-24,sz.000338,11.9373847600,11.9658296800,11.8046418000,11.8899765600,11.9468664000,46593511,583339076.3300,2,1.097909,1,-0.476194,10.664399,2.361613,0.602042,44.280154
2019-06-25,sz.000338,11.8994582000,11.9089398400,11.4538211200,11.6434539200,11.8899765600,75627481,925661446.2200,2,1.782053,1,-2.073367,10.443287,2.312648,0.589560,43.362065
2019-06-26,sz.000338,11.5676008000,11.7382703200,11.4917476800,11.6150090000,11.6434539200,39932435,489114191.3300,2,0.940951,1,-0.244298,10.417774,2.306998,0.588120,43.256132
2019-06-27,sz.000338,11.6813804800,11.8994582000,11.6339722800,11.6624172000,11.6150090000,60006253,743360817.6900,2,1.413962,1,0.408165,10.460295,2.316415,0.590520,43.432687
2019-06-28,sz.000338,11.5960457200,11.7951601600,11.5960457200,11.6529355600,11.6624172000,43280844,532556294.0200,2,1.019851,1,-0.081303,10.451791,2.314531,0.590040,43.397376
2019-07-01,sz.000338,11.8520500000,12.2787238000,11.7667152400,12.2218339600,11.6529355600,101787878,1291294804.5700,2,2.398486,1,4.882021,10.962049,2.427527,0.618846,45.516044
2019-07-02,sz.000338,12.1744257600,12.1744257600,11.8615316400,11.9753113200,12.2218339600,80313860,1016900892.4500,2,1.892481,1,-2.017069,10.740938,2.378562,0.606363,44.597955
2019-07-03,sz.000338,11.9468664000,11.9847929600,11.6813804800,11.7667152400,11.9753113200,62155320,773276805.0600,2,1.464601,1,-1.741886,10.553843,2.337130,0.595801,43.821110
2019-07-04,sz.000338,11.8046418000,11.8994582000,11.7098254000,11.8899765600,11.7667152400,47586655,591595277.2700,2,1.121311,1,1.047543,10.664399,2.361613,0.602042,44.280154
2019-07-05,sz.000338,11.8804949200,11.8899765600,11.7572336000,11.8330867200,11.8899765600,30956053,386130622.6800,2,0.729435,1,-0.478472,10.613373,2.350313,0.599162,44.068288
2019-07-08,sz.000338,11.8046418000,11.8046418000,11.1598902800,11.2072984800,11.8330867200,97359449,1169161243.6800,2,2.294136,1,-5.288460,10.052089,2.226018,0.567475,41.737753
2019-07-09,sz.000338,11.2926332400,11.4064129200,11.2262617600,11.3115965200,11.2072984800,40092739,478511793.2200,2,0.944728,1,0.930631,10.145636,2.246734,0.572757,42.126176
2019-07-10,sz.000338,11.3115965200,11.3874496400,11.2262617600,11.2641883200,11.3115965200,32378907,386171690.7700,2,0.762963,1,-0.419113,10.103115,2.237317,0.570356,41.949620
2019-07-11,sz.000338,11.3590047200,11.4538211200,11.1124820800,11.2262617600,11.2641883200,33747961,401792588.7900,2,0.795222,1,-0.336700,10.069097,2.229784,0.568436,41.808375
2019-07-12,sz.000338,11.2547066800,11.3874496400,11.1504086400,11.3400414400,11.2262617600,31091881,370382213.5700,2,0.732636,1,1.013512,10.171149,2.252384,0.574197,42.232109
2019-07-15,sz.000338,11.3115965200,11.6150090000,11.1314453600,11.5676008000,11.3400414400,48752384,587697838.4400,2,1.148780,1,2.006687,10.375252,2.297582,0.585719,43.079576
2019-07-16,sz.000338,11.5486375200,11.7193070400,11.5012293200,11.5865640800,11.5676008000,33206887,406474879.9400,2,0.782473,1,0.163938,10.392261,2.301348,0.586679,43.150198
2019-07-17,sz.000338,11.5865640800,11.7382703200,11.5201926000,11.6813804800,11.5865640800,32295359,397506019.7400,2,0.760994,1,0.818326,10.477304,2.320181,0.591480,43.503310
2019-07-18,sz.000338,11.6150090000,11.6529355600,11.4348578400,11.4443394800,11.6813804800,35154331,426880123.4900,2,0.828362,1,-2.029221,10.264696,2.273100,0.579478,42.620531
2019-07-19,sz.000338,11.6434539200,12.0227195200,11.6339722800,11.8899765600,11.4443394800,94679795,1187008393.4300,2,2.230994,1,3.893954,10.664399,2.361613,0.602042,44.280154
2019-07-22,sz.000338,11.9279031200,12.0606460800,11.7477519600,11.8425683600,11.8899765600,62634139,786201556.2200,2,1.475884,1,-0.398726,10.621877,2.352197,0.599642,44.103599
2019-07-23,sz.000338,11.8520500000,11.8994582000,11.6718988400,11.7856785200,11.8425683600,44065590,546439387.3300,2,1.038343,1,-0.480380,10.570851,2.340897,0.596761,43.891732
2019-07-24,sz.000338,11.8710132800,12.0132378800,11.7951601600,11.8710132800,11.7856785200,54206809,681793730.4300,2,1.277306,1,0.724056,10.647390,2.357846,0.601082,44.209532
2019-07-25,sz.000338,11.8330867200,11.9658296800,11.8046418000,11.8899765600,11.8710132800,36631168,459104900.9300,2,0.863161,1,0.159740,10.664399,2.361613,0.602042,44.280154
2019-07-26,sz.000338,11.8236050800,11.9184214800,11.7572336000,11.9089398400,11.8899765600,35185162,439280091.5900,2,0.829100,1,0.159500,10.681407,2.365379,0.603003,44.350777
2019-07-29,sz.000338,11.8994582000,11.9279031200,11.8046418000,11.9279031200,11.9089398400,36036763,451075126.8400,2,0.849155,1,0.159232,10.698416,2.369146,0.603963,44.421399
2019-07-30,sz.000338,11.9563480400,12.0796093600,11.8804949200,11.9942746000,11.9279031200,50856680,642719836.0200,2,1.198400,1,0.556400,10.757946,2.382329,0.607324,44.668577
2019-07-31,sz.000338,12.0233624000,12.0233624000,11.7615633800,11.8003484200,11.9942736200,44814703,547134745.1800,2,1.056000,1,-1.616800,10.349739,2.291932,0.584279,42.973643
2019-08-01,sz.000338,11.7421708600,11.7518671200,11.5094606200,11.5191568800,11.8003484200,56388988,674457788.7700,2,1.328700,1,-2.382900,10.103115,2.237317,0.570356,41.949620
2019-08-02,sz.000338,11.1216102200,11.4318905400,11.0634326600,11.3737129800,11.5191568800,48880417,569641524.2800,2,1.151800,1,-1.262600,9.975550,2.209069,0.563155,41.419953
2019-08-05,sz.000338,11.2573578600,11.3737129800,11.0343438800,11.0440401400,11.3737129800,42526050,490440196.9000,2,1.002100,1,-2.898500,9.686404,2.145038,0.546831,40.219375
2019-08-06,sz.000338,10.6755822600,10.8404186800,10.4816570600,10.7531523400,11.0440401400,63986978,704450293.9200,2,1.507800,1,-2.633900,9.431275,2.088540,0.532428,39.160041
2019-08-07,sz.000338,10.8307224200,10.9082925000,10.7046710400,10.7046710400,10.7531523400,28776011,320002531.0000,2,0.678100,1,-0.450900,9.388753,2.079123,0.530028,38.983485
2019-08-08,sz.000338,10.7725448600,10.9373812800,10.7337598200,10.8888999800,10.7046710400,31501982,352114124.8600,2,0.742300,1,1.721000,9.550335,2.114905,0.539150,39.654397
2019-08-09,sz.000338,10.9179887600,11.0149513600,10.7628486000,10.7725448600,10.8888999800,27232057,305453905.7000,2,0.641700,1,-1.068600,9.448283,2.092306,0.533389,39.230663
2019-08-12,sz.000338,10.7628486000,11.0149513600,10.7434560800,11.0052551000,10.7725448600,26032422,292409784.5800,2,0.613400,1,2.160200,9.652386,2.137505,0.544911,40.078130
2019-08-13,sz.000338,10.8598112000,10.9082925000,10.6367972200,10.7143673000,11.0052551000,37000045,410034717.9000,2,0.871900,1,-2.643200,9.397257,2.081007,0.530508,39.018796
2019-08-14,sz.000338,10.8598112000,10.9276850200,10.6271009600,10.6464934800,10.7143673000,36944194,409453718.3500,2,0.870500,1,-0.633500,9.337727,2.067824,0.527147,38.771618
2019-08-15,sz.000338,10.3749982000,10.5592271400,10.3265169000,10.5495308800,10.6464934800,42381782,456451987.4400,2,0.998700,1,-0.910700,9.252684,2.048991,0.522346,38.418507
2019-08-16,sz.000338,10.5301383600,10.7628486000,10.4913533200,10.6174047000,10.5495308800,34777347,382987902.7300,2,0.819500,1,0.643400,9.312214,2.062174,0.525707,38.665685
2019-08-19,sz.000338,10.7628486000,10.8888999800,10.6658860000,10.8792037200,10.6174047000,46291050,515734390.0400,2,1.090800,1,2.465800,9.541830,2.113022,0.538670,39.619086
2019-08-20,sz.000338,10.8888999800,10.9664700600,10.8307224200,10.9082925000,10.8792037200,40270420,453023875.4100,2,0.948900,1,0.267400,9.567343,2.118672,0.540110,39.725019
2019-08-21,sz.000338,10.8598112000,10.8792037200,10.6949747800,10.7531523400,10.9082925000,29776318,331402808.8200,2,0.701600,1,-1.422200,9.431275,2.088540,0.532428,39.160041
2019-08-22,sz.000338,10.7822411200,10.8113299000,10.6464934800,10.7240635600,10.7531523400,25190567,278352832.3200,2,0.593600,1,-0.270500,9.405762,2.082890,0.530988,39.054107
2019-08-23,sz.000338,10.7531523400,10.9470775400,10.7143673000,10.8404186800,10.7240635600,45851191,513076157.3100,2,1.080400,1,1.085000,9.507813,2.105489,0.536749,39.477841
2019-08-26,sz.000338,10.5689234000,10.7822411200,10.5204421000,10.7143673000,10.8404186800,40810175,449324938.9800,2,0.961600,1,-1.162800,9.397257,2.081007,0.530508,39.018796
2019-08-27,sz.000338,10.8113299000,11.0343438800,10.7725448600,10.8307224200,10.7143673000,59653147,671752283.5900,2,1.405600,1,1.086000,9.499309,2.103606,0.536269,39.442530
2019-08-28,sz.000338,10.8792037200,10.9858625800,10.7919373800,10.8501149400,10.8307224200,37452851,419390237.1200,2,0.882500,1,0.179000,9.516318,2.107372,0.537229,39.513152
2019-08-29,sz.000338,10.8598112000,10.9373812800,10.6852785200,10.9373812800,10.8501149400,46090806,514869704.6500,2,1.086100,1,0.804300,9.592856,2.124322,0.541550,39.830952
2019-08-30,sz.000338,11.0828251800,11.5191568800,11.0634326600,11.2282690800,10.9373812800,98558178,1146668283.7900,2,2.321700,1,2.659600,9.617896,2.166248,0.547345,23.255008
2019-09-02,sz.000338,11.1894840400,11.3931055000,11.1797877800,11.3252316800,11.2282690800,55859283,651150567.4100,2,1.315900,1,0.863600,9.700952,2.184954,0.552072,23.455828
2019-09-03,sz.000338,11.3446242000,11.3737129800,11.0440401400,11.1506990000,11.3252316800,57093692,656503837.9800,2,1.345000,1,-1.541100,9.551451,2.151282,0.543564,23.094351
2019-09-04,sz.000338,11.1022177000,11.3155354200,11.0246476200,11.2670541200,11.1506990000,45996211,531435608.5800,2,1.083500,1,1.043500,9.651118,2.173730,0.549236,23.335336
2019-09-05,sz.000338,11.4609793200,11.7518671200,11.4028017600,11.5773344400,11.2670541200,91299238,1095671932.3100,2,2.150700,1,2.753900,9.916898,2.233592,0.564361,23.977961
2019-09-06,sz.000338,11.6742970400,11.8779185000,11.6646007800,11.8294372000,11.5773344400,63365717,769817389.2900,2,1.492700,1,2.177600,10.132844,2.282230,0.576650,24.500094
2019-09-09,sz.000338,11.9457923200,12.0427549200,11.7615633800,11.8973110200,11.8294372000,53569099,656051233.5600,2,1.261900,1,0.573800,10.190983,2.295325,0.579959,24.640669
2019-09-10,sz.000338,11.8682222400,11.9651848400,11.7809559000,11.8100446800,11.8973110200,42056935,514209295.9400,2,0.990700,1,-0.733500,10.116232,2.278488,0.575705,24.459930
2019-09-11,sz.000338,11.8779185000,12.0233624000,11.8197409400,11.9263998000,11.8100446800,44092428,541579177.3200,2,1.038700,1,0.985200,10.215900,2.300937,0.581377,24.700915
2019-09-12,sz.000338,11.9457923200,11.9748811000,11.7130820800,11.8585259800,11.9263998000,31063863,378613542.3200,2,0.731800,1,-0.569100,10.157760,2.287842,0.578068,24.560341
2019-09-16,sz.000338,11.8779185000,11.8973110200,11.6355120000,11.7033858200,11.8585259800,37535070,453813054.0400,2,0.884200,1,-1.308300,10.024871,2.257911,0.570505,24.239028
2019-09-17,sz.000338,11.7227783400,11.7227783400,11.3155354200,11.4221942800,11.7033858200,43238810,510815994.1200,2,1.018600,1,-2.402700,9.784008,2.203661,0.556798,23.656649
2019-09-18,sz.000338,11.4318905400,11.5191568800,11.3834092400,11.4512830600,11.4221942800,24338917,286999687.5200,2,0.573400,1,0.254700,9.808925,2.209273,0.558216,23.716895
2019-09-19,sz.000338,11.4803718400,11.4900681000,11.1797877800,11.3446242000,11.4512830600,30847828,359339079.8200,2,0.726700,1,-0.931400,9.717563,2.188696,0.553017,23.495992
2019-09-20,sz.000338,11.3931055000,11.5288531400,11.3252316800,11.4609793200,11.3446242000,37425658,440998890.9500,2,0.881600,1,1.025600,9.817230,2.211144,0.558689,23.736977
2019-09-23,sz.000338,11.4028017600,11.4124980200,11.1797877800,11.2864466400,11.4609793200,31387666,364131164.8800,2,0.739400,1,-1.522800,9.667729,2.177472,0.550181,23.375500
2019-09-24,sz.000338,11.3252316800,11.4609793200,11.2961429000,11.3252316800,11.2864466400,25514217,299235243.5600,2,0.601000,1,0.343600,9.700952,2.184954,0.552072,23.455828
2019-09-25,sz.000338,11.2864466400,11.3252316800,11.1313064800,11.2282690800,11.3252316800,26310019,304303381.4900,2,0.619800,1,-0.856200,9.617896,2.166248,0.547345,23.255008
2019-09-26,sz.000338,11.2476616000,11.2767503800,10.8985962400,10.8985962400,11.2282690800,37695580,428818696.4800,2,0.888000,1,-2.936100,9.335505,2.102645,0.531274,22.572218
2019-09-27,sz.000338,10.9082925000,11.0052551000,10.8888999800,10.9858625800,10.8985962400,24342816,274950700.3100,2,0.573400,1,0.800700,9.410256,2.119481,0.535528,22.752957
2019-09-30,sz.000338,10.9858625800,11.0149513600,10.8695074600,10.8792037200,10.9858625800,24504259,276171769.2700,2,0.577200,1,-0.970900,9.318894,2.098903,0.530329,22.532054
2019-10-08,sz.000338,10.8695074600,10.9664700600,10.7628486000,10.7725448600,10.8792037200,33468043,374067457.9300,2,0.788400,1,-0.980400,9.227532,2.078326,0.525130,22.311152
2019-10-09,sz.000338,10.6949747800,10.9082925000,10.6949747800,10.8888999800,10.7725448600,26365717,293983166.3000,2,0.621100,1,1.080100,9.327199,2.100774,0.530802,22.552136
2019-10-10,sz.000338,10.8598112000,11.1991803000,10.8598112000,11.1119139600,10.8888999800,42689061,488222646.9600,2,1.005600,1,2.048100,9.518228,2.143799,0.541673,23.014023
2019-10-11,sz.000338,11.2476616000,11.5870307000,11.2476616000,11.5191568800,11.1119139600,74928448,884207901.6700,2,1.765100,1,3.664900,9.867064,2.222368,0.561525,23.857469
2019-10-14,sz.000338,11.6161194800,11.9070072800,11.5773344400,11.8391334600,11.5191568800,77654316,944011802.2600,2,1.829300,1,2.777800,10.141149,2.284100,0.577123,24.520176
2019-10-15,sz.000338,11.9263998000,11.9457923200,11.6064232200,11.6936895600,11.8391334600,44604464,538192696.6700,2,1.050700,1,-1.228500,10.016565,2.256040,0.570033,24.218946
2019-10-16,sz.000338,11.7615633800,11.8779185000,11.6452082600,11.7227783400,11.6936895600,37234715,451283279.0700,2,0.877100,1,0.248800,10.041482,2.261652,0.571451,24.279192
2019-10-17,sz.000338,11.8294372000,11.8391334600,11.6355120000,11.7130820800,11.7227783400,26154842,315852814.5600,2,0.616100,1,-0.082700,10.033176,2.259782,0.570978,24.259110
2019-10-18,sz.000338,11.7809559000,11.8003484200,11.4028017600,11.4997643600,11.7130820800,36068502,429562361.7700,2,0.849700,1,-1.821200,9.850453,2.218627,0.560579,23.817305
2019-10-21,sz.000338,11.5385494000,11.5773344400,11.3543204600,11.4512830600,11.4997643600,27258526,322018866.1900,2,0.642100,1,-0.421600,9.808925,2.209273,0.558216,23.716895
2019-10-22,sz.000338,11.4997643600,11.5094606200,11.3543204600,11.4609793200,11.4512830600,23965098,282410200.1000,2,0.564500,1,0.084700,9.817230,2.211144,0.558689,23.736977
2019-10-23,sz.000338,11.4512830600,11.5191568800,11.4124980200,11.4415868000,11.4609793200,22708244,268474327.1300,2,0.534900,1,-0.169200,9.800619,2.207403,0.557743,23.696813
2019-10-24,sz.000338,11.4512830600,11.5288531400,11.3737129800,11.4221942800,11.4415868000,19320118,228026652.8500,2,0.455100,1,-0.169500,9.784008,2.203661,0.556798,23.656649
2019-10-25,sz.000338,11.4909444000,11.8445119200,11.4516591200,11.8150479600,11.4221951600,42927912,511593879.1700,2,1.011200,1,3.439400,9.991648,2.250428,0.568615,24.158700
2019-10-28,sz.000338,11.8543332400,11.9132611600,11.6775494800,11.7855840000,11.8150479600,35497424,425069306.6400,2,0.836200,1,-0.249400,9.966731,2.244816,0.567197,24.098454
2019-10-29,sz.000338,11.7855840000,11.8052266400,11.5498723200,11.5695149600,11.7855840000,28533132,338184506.3900,2,0.672200,1,-1.833300,9.784008,2.203661,0.556798,23.656649
2019-10-30,sz.000338,11.5302296800,11.8641545600,11.4025525200,11.8346906000,11.5695149600,42652561,506601288.5100,2,1.004800,1,2.292000,10.008259,2.254170,0.569560,24.198864
2019-10-31,sz.000338,11.8346906000,11.8641545600,11.2945180000,11.3534459200,11.8346906000,77329380,901043861.7500,2,1.821600,1,-4.066400,9.441124,2.139033,0.546637,23.771549
2019-11-01,sz.000338,11.3436246000,12.4730764000,11.3141606400,12.4632550800,11.3534459200,160732771,1974124709.4400,2,3.786400,1,9.775100,10.364002,2.348126,0.600071,26.095239
2019-11-04,sz.000338,12.5418256400,12.8855718400,12.5418256400,12.7677160000,12.4632550800,133694935,1735013052.6500,2,3.149400,1,2.442900,10.617181,2.405487,0.614730,26.732711
2019-11-05,sz.000338,12.7186094000,13.0132490000,12.6007535600,12.8266439200,12.7677160000,91175625,1192433406.4000,2,2.147800,1,0.461500,10.666183,2.416590,0.617567,26.856093
2019-11-06,sz.000338,12.7775373200,12.8462865600,12.5418256400,12.5712896000,12.8266439200,58398091,752991720.3400,2,1.375700,1,-1.990800,10.453839,2.368480,0.605272,26.321439
2019-11-07,sz.000338,12.6498601600,12.7971799600,12.5418256400,12.6302175200,12.5712896000,43344812,558081438.8500,2,1.021100,1,0.468700,10.502842,2.379582,0.608110,26.444821
2019-11-08,sz.000338,12.7578946800,12.9150358000,12.4534337600,12.5418256400,12.6302175200,68867149,889121815.4700,2,1.622300,1,-0.699800,10.429338,2.362929,0.603854,26.259748
2019-11-11,sz.000338,12.3945058400,12.6695028000,12.3650418800,12.4632550800,12.5418256400,57232969,729244480.9500,2,1.348200,1,-0.626500,10.364002,2.348126,0.600071,26.095239
2019-11-12,sz.000338,12.5516469600,12.5614682800,12.1882581200,12.4828977200,12.4632550800,46481137,584781850.9300,2,1.095000,1,0.157600,10.380336,2.351827,0.601017,26.136366
2019-11-13,sz.000338,12.3748632000,12.4239698000,12.1980794400,12.3945058400,12.4828977200,32492016,408267729.5800,2,0.765400,1,-0.708100,10.306832,2.335173,0.596761,25.951294
2019-11-14,sz.000338,12.3945058400,12.5516469600,12.3257566000,12.3846845200,12.3945058400,32080835,405880642.2100,2,0.755700,1,-0.079200,10.298665,2.333323,0.596288,25.930730
2019-11-15,sz.000338,12.3650418800,12.5221830000,12.1293302000,12.2570073600,12.3846845200,33709123,422311668.8500,2,0.794100,1,-1.030900,10.192493,2.309268,0.590141,25.663403
2019-11-18,sz.000338,12.2079007600,12.8462865600,12.1882581200,12.8364652400,12.2570073600,76845546,989164636.5600,2,1.810200,1,4.727600,10.674350,2.418440,0.618040,26.876657
2019-11-19,sz.000338,12.7775373200,12.8168226000,12.6498601600,12.8168226000,12.8364652400,57756802,748700671.9700,2,1.360600,1,-0.153000,10.658016,2.414739,0.617094,26.835529
2019-11-20,sz.000338,12.8070012800,12.8168226000,12.4730764000,12.5516469600,12.8168226000,45815302,588898736.3400,2,1.079300,1,-2.069000,10.437505,2.364779,0.604327,26.280312
2019-11-21,sz.000338,12.4632550800,12.5123616800,12.3748632000,12.5025403600,12.5516469600,24849375,314509370.3800,2,0.585400,1,-0.391200,10.396670,2.355527,0.601962,26.177493
2019-11-22,sz.000338,12.4534337600,12.7971799600,12.4239698000,12.5614682800,12.5025403600,50588784,649287986.2400,2,1.191700,1,0.471300,10.445672,2.366630,0.604800,26.300875
2019-11-25,sz.000338,12.8070012800,13.1998540800,12.7677160000,13.1409261600,12.5614682800,105366334,1399279450.3100,2,2.482100,1,4.613000,10.927529,2.475802,0.632699,27.514129
2019-11-26,sz.000338,13.1409261600,13.1998540800,12.9150358000,13.1409261600,13.1409261600,62866999,837693663.5000,2,1.481000,1,0.000000,10.927529,2.475802,0.632699,27.514129
2019-11-27,sz.000338,13.1016408800,13.3177099200,13.0230703200,13.1114622000,13.1409261600,52222096,700154772.1600,2,1.230200,1,-0.224200,10.903028,2.470251,0.631280,27.452438
2019-11-28,sz.000338,13.0132490000,13.0427129600,12.8364652400,12.8953931600,13.1114622000,39441577,518519495.9300,2,0.929100,1,-1.647900,10.723352,2.429542,0.620877,27.000038
2019-11-29,sz.000338,12.8561078800,12.9739637200,12.7480733600,12.9543210800,12.8953931600,36131855,473329117.1500,2,0.851200,1,0.457000,10.772355,2.440645,0.623714,27.123420
2019-12-02,sz.000338,13.0525342800,13.3177099200,12.9739637200,13.0721769200,12.9543210800,48768676,650885505.0600,2,1.148800,1,0.909800,10.870359,2.462849,0.629389,27.370184
2019-12-03,sz.000338,12.9641424000,13.3569952000,12.8953931600,13.3275312400,13.0721769200,48509168,651434134.2600,2,1.142700,1,1.953400,11.082703,2.510959,0.641683,27.904838
2019-12-04,sz.000338,13.3275312400,13.3864591600,13.0918195600,13.1998540800,13.3275312400,37993403,511596938.5200,2,0.895000,1,-0.958000,10.976531,2.486904,0.635536,27.637511
2019-12-05,sz.000338,13.2391393600,13.7989546000,13.2293180400,13.7007414000,13.1998540800,74369572,1030240842.2900,2,1.751900,1,3.794600,11.393051,2.581273,0.659652,28.686256
2019-12-06,sz.000338,13.6516348000,13.7989546000,13.6025282000,13.7793119600,13.7007414000,39574087,552981800.2000,2,0.932200,1,0.573500,11.458388,2.596076,0.663435,28.850765
2019-12-09,sz.000338,13.8480612000,13.9266317600,13.6614561200,13.7596693200,13.7793119600,44910111,630248519.8200,2,1.057900,1,-0.142500,11.442054,2.592375,0.662490,28.809637
2019-12-10,sz.000338,13.6909200800,13.7989546000,13.6319921600,13.7596693200,13.7596693200,38766517,541378126.7000,2,0.913200,1,0.000000,11.442054,2.592375,0.662490,28.809637
2019-12-11,sz.000338,13.7400266800,14.0248449600,13.5436002800,13.5828855600,13.7596693200,49987336,698309226.1400,2,1.177500,1,-1.284800,11.295047,2.559069,0.653978,28.439492
2019-12-12,sz.000338,13.6319921600,13.9953810000,13.6221708400,13.9266317600,13.5828855600,49323555,696874138.9400,2,1.161900,1,2.530700,11.580894,2.623832,0.670528,29.159219
2019-12-13,sz.000338,14.0739515600,14.1918074000,13.9659170400,14.0444876000,13.9266317600,48325192,691651533.3100,2,1.138400,1,0.846300,11.678899,2.646036,0.676203,29.405982
2019-12-16,sz.000338,14.1427008000,14.6043028400,14.0739515600,14.4373404000,14.0444876000,62238673,910530138.2100,2,1.466200,1,2.797200,12.005581,2.720051,0.695117,30.228527
2019-12-17,sz.000338,14.4373404000,14.5650175600,14.2605566400,14.4864470000,14.4373404000,42595550,626041110.8100,2,1.003400,1,0.340100,12.046416,2.729303,0.697482,30.331346
2019-12-18,sz.000338,14.4373404000,14.6534094400,14.2900206000,14.3882338000,14.4864470000,41243718,607877248.2500,2,0.971600,1,-0.678000,11.964746,2.710799,0.692753,30.125709
2019-12-19,sz.000338,14.4373404000,14.4471617200,14.2605566400,14.3980551200,14.3882338000,33496256,489250262.1200,2,0.789100,1,0.068300,11.972913,2.712650,0.693226,30.146273
2019-12-20,sz.000338,14.4078764400,14.4864470000,14.2900206000,14.3489485200,14.3980551200,26279357,384888480.2500,2,0.619100,1,-0.341100,11.932078,2.703398,0.690862,30.043455
2019-12-23,sz.000338,14.3391272000,14.7123373600,14.2409140000,14.5060896400,14.3489485200,38142528,564959871.7100,2,0.898500,1,1.095100,12.062751,2.733004,0.698428,30.372473
2019-12-24,sz.000338,14.4471617200,14.9971556400,14.4471617200,14.9185850800,14.5060896400,56932163,859648187.5100,2,1.341100,1,2.843600,12.405767,2.810720,0.718288,31.236145
2019-12-25,sz.000338,14.8792998000,15.2426886400,14.8400145200,15.0167982800,14.9185850800,53250953,816211416.2100,2,1.254400,1,0.658300,12.487438,2.829223,0.723017,31.441781
2019-12-26,sz.000338,14.9676916800,15.0855475200,14.8203718800,14.9971556400,15.0167982800,33656249,511619565.1500,2,0.792800,1,-0.130800,12.471104,2.825523,0.722071,31.400654
2019-12-27,sz.000338,15.0757262000,15.3016165600,14.9480490400,15.0855475200,14.9971556400,45648471,701808954.2600,2,1.075300,1,0.589400,12.544607,2.842176,0.726327,31.585727
2019-12-30,sz.000338,15.0266196000,15.3998297600,14.9775130000,15.3703658000,15.0855475200,45895568,712860977.6500,2,1.081200,1,1.888000,12.781452,2.895837,0.740040,32.182072
2019-12-31,sz.000338,15.3703658000,15.6060774800,15.2525099600,15.5962561600,15.3703658000,46530909,730941605.5000,2,1.096100,1,1.469700,12.969294,2.938395,0.750916,32.655035
2020-01-02,sz.000338,15.7533972800,16.3328551600,15.7239333200,15.8712531200,15.5962561600,83649648,1361986149.0300,2,1.970500,1,1.763200,13.197972,2.990206,0.764156,33.230817
2020-01-03,sz.000338,15.8712531200,16.1658927200,15.7926825600,16.1266074400,15.8712531200,48771287,792331305.6700,2,1.148900,1,1.608900,13.410316,3.038316,0.776451,33.765471
2020-01-06,sz.000338,15.9105384000,16.3917830800,14.5944815200,14.9185850800,16.1266074400,185106807,2904243550.3000,2,4.360500,1,-7.490900,12.405767,2.810720,0.718288,31.236145
2020-01-07,sz.000338,15.0364409200,15.4685790000,14.8989424400,15.0167982800,14.9185850800,122751860,1889526305.6800,2,2.891700,1,0.658300,12.487438,2.829223,0.723017,31.441781
2020-01-08,sz.000338,15.0167982800,15.1739394000,14.3489485200,14.5060896400,15.0167982800,128448562,1918128557.1000,2,3.025900,1,-3.400900,12.062751,2.733004,0.698428,30.372473
2020-01-09,sz.000338,14.7319800000,14.8105505600,14.4471617200,14.7025160400,14.5060896400,71099628,1059285719.3000,2,1.674900,1,1.354100,12.226092,2.770011,0.707885,30.783745
2020-01-10,sz.000338,14.7516226400,14.8105505600,14.4864470000,14.6730520800,14.7025160400,59787776,890636815.1500,2,1.408400,1,-0.200400,12.201591,2.764460,0.706466,30.722054
2020-01-13,sz.000338,14.6141241600,14.6926947200,14.3784124800,14.6632307600,14.6730520800,61341103,907746309.2700,2,1.445000,1,-0.066900,12.193423,2.762610,0.705993,30.701491
2020-01-14,sz.000338,14.6337668000,14.7123373600,14.2114500400,14.2703779600,14.6632307600,99620774,1461923519.2200,2,2.346800,1,-2.679200,11.866741,2.688595,0.687079,29.878946
2020-01-15,sz.000338,14.2703779600,14.4569830400,14.1328794800,14.4078764400,14.2703779600,55941216,815101633.0500,2,1.317800,1,0.963500,11.981080,2.714500,0.693699,30.166837
2020-01-16,sz.000338,14.3882338000,14.3882338000,13.9462744000,14.0346662800,14.4078764400,85810320,1233686944.7400,2,2.021400,1,-2.590300,11.670732,2.644186,0.675730,29.385419
2020-01-17,sz.000338,14.1328794800,14.6534094400,14.1132368400,14.4471617200,14.0346662800,105695767,1552955756.4100,2,2.489900,1,2.939100,12.013748,2.721902,0.695590,30.249091
2020-01-20,sz.000338,14.5355536000,14.5650175600,14.1230581600,14.2507353200,14.4471617200,83112399,1204511831.0100,2,1.957900,1,-1.359600,11.850407,2.684894,0.686133,29.837819
2020-01-21,sz.000338,14.2605566400,14.2605566400,13.7989546000,13.9953810000,14.2507353200,66933254,951910532.0000,2,1.576700,1,-1.791900,11.638063,2.636784,0.673838,29.303164
2020-01-22,sz.000338,13.9266317600,14.1918074000,13.8873464800,14.0935942000,13.9953810000,43615503,626023558.5000,2,1.027400,1,0.701800,11.719734,2.655288,0.678567,29.508801
2020-01-23,sz.000338,13.9757383600,13.9757383600,13.1114622000,13.2882459600,14.0935942000,110121469,1513047080.2600,2,2.594100,1,-5.714300,11.050035,2.503557,0.639792,27.822583
2020-02-03,sz.000338,11.9623677600,12.2766500000,11.9623677600,11.9623677600,13.2882459600,129481118,1581433174.8100,2,3.050200,1,-9.977800,9.947481,2.253757,0.575955,25.046494
2020-02-04,sz.000338,11.8543332400,12.6400388400,11.8445119200,12.5909322400,11.9623677600,115622672,1460971258.0000,2,2.723700,1,5.254500,10.470173,2.372181,0.606218,26.362566
2020-02-05,sz.000338,12.7677160000,13.2489606800,12.7677160000,13.0328916400,12.5909322400,101813353,1351242415.7400,2,2.398400,1,3.510100,10.837691,2.455448,0.627497,27.287929
2020-02-06,sz.000338,13.2391393600,13.2391393600,12.8364652400,13.1212835200,13.0328916400,73778437,977699417.9000,2,1.738000,1,0.678200,10.911195,2.472101,0.631753,27.473002
2020-02-07,sz.000338,13.0132490000,13.1114622000,12.8659292000,13.1016408800,13.1212835200,50311858,664956782.5200,2,1.185200,1,-0.149700,10.894861,2.468400,0.630807,27.431875
2020-02-10,sz.000338,13.0427129600,13.7891332800,12.8070012800,13.7302053600,13.1016408800,101804319,1393498052.1100,2,2.398200,1,4.797600,11.417553,2.586824,0.661071,28.747946
2020-02-11,sz.000338,13.7891332800,14.2801992800,13.6516348000,14.0248449600,13.7302053600,93296544,1334578007.5100,2,2.197800,1,2.145900,11.662564,2.642335,0.675257,29.364855
2020-02-12,sz.000338,13.8480612000,14.2114500400,13.7302053600,14.0346662800,14.0248449600,70516923,1005189500.2100,2,1.661200,1,0.070000,11.670732,2.644186,0.675730,29.385419
2020-02-13,sz.000338,14.0444876000,14.3784124800,13.9855596800,14.1819860800,14.0346662800,75591184,1094431094.1500,2,1.780700,1,1.049700,11.793237,2.671941,0.682823,29.693873
2020-02-14,sz.000338,14.1427008000,14.2900206000,13.8775251600,14.0444876000,14.1819860800,55630211,797444282.1800,2,1.310500,1,-0.969500,11.678899,2.646036,0.676203,29.405982
2020-02-17,sz.000338,13.9855596800,14.5453749200,13.9757383600,14.5355536000,14.0444876000,76427576,1117626640.6800,2,1.800400,1,3.496500,12.087252,2.738555,0.699846,30.434164
2020-02-18,sz.000338,14.4864470000,14.4864470000,14.0248449600,14.2801992800,14.5355536000,85188045,1234762868.9200,2,2.006800,1,-1.756800,11.874908,2.690445,0.687552,29.899509
2020-02-19,sz.000338,14.1819860800,14.3587698400,14.0641302400,14.0739515600,14.2801992800,50725163,731976191.1500,2,1.194900,1,-1.444300,11.703400,2.651587,0.677621,29.467673
2020-02-20,sz.000338,14.1427008000,14.5846602000,14.0052023200,14.5159109600,14.0739515600,83936513,1226224349.0600,2,1.977300,1,3.140300,12.070918,2.734854,0.698900,30.393036
2020-02-21,sz.000338,14.3784124800,14.8694784800,14.3489485200,14.6435881200,14.5159109600,91507454,1366600288.6100,2,2.155600,1,0.879600,12.177089,2.758909,0.705048,30.660364
2020-02-24,sz.000338,14.5159109600,14.5748388800,14.1525221200,14.3293058800,14.6435881200,89998975,1315115192.6800,2,2.120100,1,-2.146200,11.915743,2.699697,0.689916,30.002328
2020-02-25,sz.000338,14.0248449600,14.0837728800,13.5534216000,13.9168104400,14.3293058800,119565107,1691251113.2000,2,2.816600,1,-2.878700,11.572727,2.621981,0.670055,29.138655
2020-02-26,sz.000338,13.6614561200,14.1034155200,13.5828855600,13.8971678000,13.9168104400,71651579,1014406879.7800,2,1.687900,1,-0.141100,11.556393,2.618281,0.669110,29.097528
2020-02-27,sz.000338,13.9462744000,15.0757262000,13.9462744000,14.8498358400,13.8971678000,174354823,2606787754.2000,2,4.107300,1,6.855100,12.348598,2.797767,0.714978,31.092200
2020-02-28,sz.000338,14.4373404000,14.6926947200,13.9953810000,14.0739515600,14.8498358400,124469166,1815724972.7200,2,2.932100,1,-5.224900,11.703400,2.651587,0.677621,29.467673
2020-03-02,sz.000338,14.2016287200,15.1739394000,14.1034155200,15.0266196000,14.0739515600,128220297,1943156844.5300,2,3.020500,1,6.769000,12.495605,2.831074,0.723490,31.462345
2020-03-03,sz.000338,15.0560835600,15.4980429600,14.5846602000,14.7909079200,15.0266196000,117855264,1791998312.6800,2,2.776300,1,-1.568600,12.299595,2.786665,0.712141,30.968818
2020-03-04,sz.000338,14.6141241600,15.0069769600,14.5650175600,14.9480490400,14.7909079200,75969694,1145470801.7900,2,1.789600,1,1.062400,12.430268,2.816271,0.719707,31.297836
2020-03-05,sz.000338,14.9578703600,15.1641180800,14.8301932000,14.9873343200,14.9480490400,69960143,1067562470.0400,2,1.648000,1,0.262800,12.462937,2.823672,0.721598,31.380090
2020-03-06,sz.000338,14.7516226400,14.8694784800,14.5748388800,14.5944815200,14.9873343200,61677174,920189531.0900,2,1.452900,1,-2.621200,12.136254,2.749657,0.702683,30.557545
2020-03-09,sz.000338,14.2900206000,14.5257322800,13.9462744000,13.9560957200,14.5944815200,81972670,1182958501.0800,2,1.931000,1,-4.374200,11.605395,2.629383,0.671947,29.220910
2020-03-10,sz.000338,13.7203840400,14.4176977600,13.7007414000,14.2409140000,13.9560957200,62869139,899424156.9200,2,1.481000,1,2.040800,11.842240,2.683044,0.685660,29.817255
2020-03-11,sz.000338,14.2801992800,14.3096632400,14.0150236400,14.0248449600,14.2409140000,38421049,553208084.2700,2,0.905100,1,-1.517200,11.662564,2.642335,0.675257,29.364855
2020-03-12,sz.000338,13.7891332800,13.9560957200,13.5534216000,13.6221708400,14.0248449600,48188782,671768763.4700,2,1.135200,1,-2.871100,11.327715,2.566470,0.655869,28.521747
2020-03-13,sz.000338,12.7677160000,13.7302053600,12.6695028000,13.3864591600,13.6221708400,72985732,977526561.6700,2,1.719300,1,-1.730400,11.131705,2.522061,0.644521,28.028220
2020-03-16,sz.000338,13.3569952000,13.4453870800,12.5123616800,12.5614682800,13.3864591600,74897743,984169542.8800,2,1.764400,1,-6.162900,10.445672,2.366630,0.604800,26.300875
2020-03-17,sz.000338,12.5712896000,12.7578946800,11.8936185200,12.4730764000,12.5614682800,67628042,850652818.1600,2,1.593100,1,-0.703700,10.372169,2.349976,0.600544,26.115803
2020-03-18,sz.000338,12.5614682800,12.9052144800,12.2079007600,12.2471860400,12.4730764000,70481512,905236849.7600,2,1.660300,1,-1.811000,10.184326,2.307418,0.589668,25.642839
2020-03-19,sz.000338,12.2177220800,12.3355779200,11.7364774000,12.0311170000,12.2471860400,68504113,836576599.8200,2,1.613700,1,-1.764200,10.004651,2.266709,0.579265,25.190440
2020-03-20,sz.000338,12.1784368000,12.4534337600,12.0114743600,12.3748632000,12.0311170000,56146012,700208139.2000,2,1.322600,1,2.857100,10.290498,2.331472,0.595815,25.910166
2020-03-23,sz.000338,11.7855840000,12.0605809600,11.7462987200,11.7954053200,12.3748632000,53777146,649509944.7500,2,1.266800,1,-4.682500,9.808641,2.222300,0.567916,24.696913
2020-03-24,sz.000338,12.0409383200,12.2275434000,11.8445119200,12.1882581200,11.7954053200,58313273,716632571.4900,2,1.373700,1,3.330600,10.135324,2.296315,0.586830,25.519458
2020-03-25,sz.000338,12.6498601600,12.8266439200,12.5320043200,12.6695028000,12.1882581200,62587160,807744435.3700,2,1.474400,1,3.948400,10.535510,2.386984,0.610001,26.527075
2020-03-26,sz.000338,12.5516469600,12.7284307200,12.4927190400,12.5909322400,12.6695028000,29410597,377991829.5400,2,0.692800,1,-0.620200,10.470173,2.372181,0.606218,26.362566
2020-03-27,sz.000338,12.3552205600,12.6695028000,11.4811230800,12.3945058400,12.5909322400,162441227,1981923400.4900,2,3.826600,1,-1.560100,10.996813,2.213993,0.574243,12.665060
2020-03-30,sz.000338,11.9820104000,12.0605809600,11.7462987200,11.8346906000,12.3945058400,83395805,1007821926.9300,2,1.964600,1,-4.516600,10.500126,2.113995,0.548306,12.093025
2020-03-31,sz.000338,11.9820104000,12.0605809600,11.7168347600,11.7462987200,11.8346906000,50865524,613991424.8900,2,1.198200,1,-0.746900,10.421702,2.098206,0.544211,12.002703
2020-04-01,sz.000338,11.9820104000,12.5221830000,11.8543332400,12.1587941600,11.7462987200,110154761,1369754051.9600,2,2.594900,1,3.511700,10.787682,2.171889,0.563322,12.424203
2020-04-02,sz.000338,12.1391515200,12.4337911200,12.0311170000,12.4239698000,12.1587941600,44826967,560556704.3800,2,1.056000,1,2.180900,11.022954,2.219256,0.575608,12.695167
2020-04-03,sz.000338,12.4337911200,12.7382520400,12.4043271600,12.5025403600,12.4239698000,53672482,687243418.7700,2,1.264400,1,0.632400,11.092664,2.233291,0.579248,12.775453
2020-04-07,sz.000338,12.6498601600,13.0918195600,12.6498601600,12.8953931600,12.5025403600,68555357,900624989.6400,2,1.615000,1,3.142200,11.441216,2.303465,0.597449,13.176881
2020-04-08,sz.000338,12.7873586400,12.9641424000,12.7873586400,12.8462865600,12.8953931600,34912698,457533540.7200,2,0.822400,1,-0.380800,11.397647,2.294693,0.595174,13.126702
2020-04-09,sz.000338,12.9346784400,13.0525342800,12.8659292000,12.9936063600,12.8462865600,37150761,490411731.2600,2,0.875200,1,1.146800,11.528354,2.321009,0.601999,13.277238
2020-04-10,sz.000338,12.9444997600,13.0623556000,12.6695028000,12.9444997600,12.9936063600,45404611,596703965.4400,2,1.069600,1,-0.377900,11.484785,2.312237,0.599724,13.227059
2020-04-13,sz.000338,12.8070012800,13.3962804800,12.7775373200,13.2391393600,12.9444997600,54815976,735505604.9100,2,1.291300,1,2.276200,11.746199,2.364867,0.613375,13.528131
2020-04-14,sz.000338,13.3275312400,13.3668165200,13.0427129600,13.2293180400,13.2391393600,49638097,666558266.1000,2,1.169300,1,-0.074200,11.737485,2.363113,0.612920,13.518095
2020-04-15,sz.000338,13.2686033200,13.2980672800,12.9641424000,13.1703901200,13.2293180400,40442633,541151492.0800,2,0.952700,1,-0.445400,11.685203,2.352587,0.610190,13.457881
2020-04-16,sz.000338,13.0721769200,13.2096754000,12.9739637200,13.1507474800,13.1703901200,26760613,356756950.5800,2,0.630400,1,-0.149100,11.667775,2.349078,0.609280,13.437809
2020-04-17,sz.000338,13.3078886000,13.4257444400,13.1409261600,13.2096754000,13.1507474800,49094138,664417430.7200,2,1.156500,1,0.448100,11.720058,2.359604,0.612010,13.498023
2020-04-20,sz.000338,13.3569952000,13.4061018000,13.1507474800,13.2293180400,13.2096754000,33423885,450608865.3000,2,0.787400,1,0.148700,11.737485,2.363113,0.612920,13.518095
2020-04-21,sz.000338,13.1605688000,13.1703901200,12.8266439200,13.0132490000,13.2293180400,43206279,570440214.4400,2,1.017800,1,-1.633300,11.545782,2.324517,0.602909,13.297309
2020-04-22,sz.000338,12.9248571200,13.2096754000,12.8659292000,13.1802114400,13.0132490000,30594775,407590588.6400,2,0.720700,1,1.283000,11.693917,2.354341,0.610645,13.467916
2020-04-23,sz.000338,13.2293180400,13.2882459600,12.9150358000,12.9248571200,13.1802114400,32130642,426412763.1400,2,0.756900,1,-1.937400,11.467358,2.308728,0.598814,13.206988
2020-04-24,sz.000338,13.0230703200,13.2587820000,12.8168226000,12.8659292000,12.9248571200,37260302,493581449.0300,2,0.877700,1,-0.455900,11.415075,2.298202,0.596084,13.146774
2020-04-27,sz.000338,12.8266439200,12.8855718400,12.5123616800,12.6793241200,12.8659292000,38606984,500292573.9500,2,0.909500,1,-1.450400,11.249513,2.264869,0.587439,12.956095
2020-04-28,sz.000338,12.7873586400,12.8561078800,12.4141484800,12.5909322400,12.6793241200,41931154,539542577.3400,2,0.987800,1,-0.697100,11.171089,2.249080,0.583343,12.865774
2020-04-29,sz.000338,12.6203962000,12.8070012800,12.4436124400,12.7775373200,12.5909322400,39404680,507070973.7500,2,0.928300,1,1.482100,11.336651,2.282413,0.591989,13.056452
2020-04-30,sz.000338,12.9444997600,13.3471738800,12.9346784400,13.1605688000,12.7775373200,57198688,769875930.3700,2,1.347400,1,2.997700,12.394031,2.240907,0.632262,22.178317
2020-05-06,sz.000338,13.2391393600,14.1427008000,13.2391393600,14.0739515600,13.1605688000,105625408,1490225935.5100,2,2.488200,1,6.940300,13.254214,2.396433,0.676143,23.717558
2020-05-07,sz.000338,14.0837728800,14.1819860800,13.8480612000,14.0248449600,14.0739515600,55554710,793961516.7400,2,1.308700,1,-0.348900,13.207967,2.388071,0.673784,23.634803
2020-05-08,sz.000338,14.1328794800,14.1918074000,14.0248449600,14.1230581600,14.0248449600,44665898,641909343.5100,2,1.052200,1,0.700300,13.300460,2.404794,0.678502,23.800313
2020-05-11,sz.000338,14.2212713600,14.3685911600,13.9757383600,14.1328794800,14.1230581600,47504771,686005043.4700,2,1.119100,1,0.069500,13.309709,2.406467,0.678974,23.816864
2020-05-12,sz.000338,14.1328794800,14.1525221200,13.8971678000,13.9659170400,14.1328794800,38227313,544321107.1800,2,0.900500,1,-1.181400,13.152472,2.378037,0.670953,23.535497
2020-05-13,sz.000338,13.9560957200,14.0150236400,13.8284185600,13.9659170400,13.9659170400,32302296,457212218.6700,2,0.760900,1,0.000000,13.152472,2.378037,0.670953,23.535497
2020-05-14,sz.000338,13.8775251600,13.9168104400,13.6810987600,13.7007414000,13.9659170400,33793600,473619048.5600,2,0.796100,1,-1.898700,12.902741,2.332885,0.658213,23.088621
2020-05-15,sz.000338,13.7498480000,13.8087759200,13.5043150000,13.5239576400,13.7007414000,37185966,514467493.9200,2,0.876000,1,-1.290300,12.736254,2.302783,0.649720,22.790703
2020-05-18,sz.000338,13.6123495200,13.8087759200,13.5043150000,13.5436002800,13.5239576400,44737235,620839015.1100,2,1.053900,1,0.145200,12.754753,2.306128,0.650664,22.823805
2020-05-19,sz.000338,13.7596693200,13.9953810000,13.6025282000,13.7203840400,13.5436002800,39572920,555418777.6500,2,0.932200,1,1.305300,12.921240,2.336229,0.659157,23.121723
2020-05-20,sz.000338,13.6516348000,13.7694906400,13.5534216000,13.6516348000,13.7203840400,28276613,392676502.8900,2,0.666100,1,-0.501100,12.856495,2.324523,0.655854,23.005866
2020-05-21,sz.000338,13.7007414000,13.7203840400,13.3569952000,13.4257444400,13.6516348000,31902349,437091494.1800,2,0.751500,1,-1.654700,12.643762,2.286060,0.645002,22.625193
2020-05-22,sz.000338,13.4257444400,13.4552084000,12.8953931600,13.0525342800,13.4257444400,41539626,554442396.1700,2,0.978600,1,-2.779800,12.292289,2.222512,0.627072,21.996256
2020-05-25,sz.000338,13.0721769200,13.1311048400,12.8364652400,12.8855718400,13.0525342800,33086220,434484536.6800,2,0.779400,1,-1.279200,12.135051,2.194082,0.619051,21.714889
2020-05-26,sz.000338,13.0427129600,13.0819982400,12.7775373200,12.9739637200,12.8855718400,48601260,637950157.3900,2,1.144900,1,0.686000,12.218295,2.209133,0.623297,21.863848
2020-05-27,sz.000338,12.8953931600,12.9346784400,12.7578946800,12.7578946800,12.9739637200,36014790,470096076.7100,2,0.848400,1,-1.665400,12.014811,2.172342,0.612917,21.499726
2020-05-28,sz.000338,12.7971799600,13.1900327600,12.7284307200,12.9837850400,12.7578946800,47617207,628296082.9400,2,1.121700,1,1.770600,12.227544,2.210805,0.623769,21.880399
2020-05-29,sz.000338,12.9052144800,13.0623556000,12.7284307200,12.8070012800,12.9837850400,40224915,527161537.8400,2,0.947600,1,-1.361600,12.061057,2.180704,0.615276,21.582481
2020-06-01,sz.000338,12.8953931600,13.2686033200,12.8953931600,13.2489606800,12.8070012800,47872720,640877081.9900,2,1.127700,1,3.450900,12.477275,2.255958,0.636509,22.327276
2020-06-02,sz.000338,13.3569952000,13.4846723600,13.1016408800,13.1998540800,13.2489606800,51265885,692232631.5200,2,1.207700,1,-0.370600,12.431028,2.247596,0.634149,22.244521
2020-06-03,sz.000338,13.3668165200,13.8382398800,13.3078886000,13.6712774400,13.1998540800,72855049,1010363281.8900,2,1.716300,1,3.571400,12.874993,2.327868,0.656798,23.038968
2020-06-04,sz.000338,13.7498480000,13.8087759200,13.4650297200,13.6319921600,13.6712774400,36796498,509638633.1400,2,0.866800,1,-0.287400,12.837996,2.321178,0.654910,22.972764
2020-06-05,sz.000338,13.6319921600,13.6810987600,13.2587820000,13.4846723600,13.6319921600,35202032,480871212.9500,2,0.829300,1,-1.080700,12.699257,2.296094,0.647833,22.724499
2020-06-08,sz.000338,13.5927068800,13.7203840400,13.4257444400,13.4846723600,13.4846723600,34008925,468821425.1200,2,0.801200,1,0.000000,12.699257,2.296094,0.647833,22.724499
2020-06-09,sz.000338,13.5534216000,13.9462744000,13.3962804800,13.9462744000,13.4846723600,77750275,1095936875.2000,2,1.831600,1,3.423200,13.133973,2.374693,0.670009,23.502395
2020-06-10,sz.000338,13.9266317600,13.9266317600,13.6614561200,13.7498480000,13.9462744000,40376648,564462159.8900,2,0.951200,1,-1.408400,12.948988,2.341246,0.660572,23.171376
2020-06-11,sz.000338,13.7891332800,13.9266317600,13.3864591600,13.4650297200,13.7498480000,54147335,751141295.7500,2,1.275600,1,-2.071400,12.680759,2.292749,0.646889,22.691397
2020-06-12,sz.000338,13.1605688000,13.4355657600,13.0918195600,13.4355657600,13.4650297200,43677620,590497570.3800,2,1.028900,1,-0.218800,12.653011,2.287732,0.645474,22.641744
2020-06-15,sz.000338,13.3177099200,13.3962804800,13.0623556000,13.1212835200,13.4355657600,41488676,559140193.0800,2,0.977400,1,-2.339200,12.357034,2.234218,0.630375,22.112113
2020-06-16,sz.000338,13.3078886000,13.3373525600,13.1311048400,13.2882459600,13.1212835200,36454183,491765340.6000,2,0.858800,1,1.272500,12.514272,2.262647,0.638396,22.393480
2020-06-17,sz.000338,13.2391393600,13.2391393600,13.0623556000,13.1409261600,13.2882459600,38909100,519994344.4200,2,0.916600,1,-1.108600,12.375532,2.237563,0.631318,22.145215
2020-06-18,sz.000338,13.1409261600,13.3569952000,13.0623556000,13.3471738800,13.1409261600,41709700,562208404.0200,2,0.982600,1,1.569500,12.569767,2.272681,0.641227,22.492785
2020-06-19,sz.000338,13.3373525600,13.4846723600,13.2784246400,13.4552084000,13.3471738800,43406922,592062704.4600,2,1.022500,1,0.809400,12.671509,2.291077,0.646417,22.674846
2020-06-22,sz.000338,13.4748510400,13.5239576400,13.1114622000,13.1703901200,13.4552084000,59896507,808748680.3800,2,1.411000,1,-2.116800,12.403280,2.242580,0.632734,22.194868
2020-06-23,sz.000338,13.2096754000,13.2194967200,12.9444997600,13.0034276800,13.1703901200,49570821,657283785.0100,2,1.167700,1,-1.267700,12.246043,2.214150,0.624713,21.913501
2020-06-24,sz.000338,13.0721769200,13.3275312400,13.0525342800,13.2980672800,13.0034276800,52538546,707734260.1100,2,1.237700,1,2.265900,12.523521,2.264320,0.638868,22.410031
2020-06-29,sz.000338,13.2194967200,13.4355657600,13.0918195600,13.2686033200,13.2980672800,48800738,661608953.2400,2,1.149600,1,-0.221600,12.495773,2.259303,0.637452,22.360378
2020-06-30,sz.000338,13.4355657600,13.5927068800,13.3177099200,13.4748510400,13.2686033200,48125195,658029979.5500,2,1.133700,1,1.554400,12.690008,2.294421,0.647361,22.707948
2020-07-01,sz.000338,13.4944936800,13.7203840400,13.3864591600,13.7203840400,13.4748510400,61690279,855507071.8800,2,1.453200,1,1.822200,12.921240,2.336229,0.659157,23.121723
2020-07-02,sz.000338,13.7989546000,14.6828734000,13.7891332800,14.4668043600,13.7203840400,129642562,1897902629.0800,2,3.054000,1,5.440200,13.624185,2.463326,0.695017,24.379597
2020-07-03,sz.000338,14.7810866000,15.0266196000,14.6239454800,14.9087637600,14.4668043600,106570604,1613985097.8000,2,2.510500,1,3.055000,14.040402,2.538580,0.716249,25.124392
2020-07-06,sz.000338,15.0560835600,15.2721526000,14.8792998000,15.2328673200,14.9087637600,98498069,1518185057.6000,2,2.320300,1,2.173900,14.345628,2.593766,0.731820,25.670574
2020-07-07,sz.000338,15.3801871200,15.5078642800,14.9284064000,15.0757262000,15.2328673200,95071450,1471147489.2100,2,2.239600,1,-1.031600,14.197640,2.567009,0.724270,25.405758
2020-07-08,sz.000338,14.9775130000,15.3016165600,14.9284064000,15.2525099600,15.0757262000,66036663,1017862212.0300,2,1.555600,1,1.172600,14.364127,2.597111,0.732764,25.703676
2020-07-09,sz.000338,15.4292937200,15.6158988000,15.1346541200,15.4292937200,15.2525099600,68970501,1081400501.2200,2,1.624700,1,1.159000,14.530614,2.627213,0.741257,26.001594
2020-07-10,sz.000338,15.3212592000,15.5864348400,14.9775130000,15.0560835600,15.4292937200,77930545,1211462396.7000,2,1.835800,1,-2.418800,14.179141,2.563665,0.723327,25.372656
2020-07-13,sz.000338,15.0953688400,15.6944693600,15.0953688400,15.6944693600,15.0560835600,82132063,1296722588.9200,2,1.934800,1,4.240000,14.780344,2.672365,0.753996,26.448470
2020-07-14,sz.000338,15.6650054000,16.0087516000,15.4980429600,15.9498236800,15.6944693600,95016012,1527479617.5200,2,2.238300,1,1.627000,15.020826,2.715846,0.766264,26.878796
2020-07-15,sz.000338,16.0087516000,16.2739272400,15.7730399200,15.9400023600,15.9498236800,87427221,1424069252.3600,2,2.059500,1,-0.061600,15.011576,2.714173,0.765792,26.862245
2020-07-16,sz.000338,15.9596450000,16.4899962800,15.3409018400,15.4489363600,15.9400023600,106001664,1720586117.4700,2,2.497100,1,-3.080700,14.549113,2.630557,0.742200,26.034696
2020-07-17,sz.000338,15.7042906800,15.8810744400,15.3998297600,15.6453627600,15.4489363600,64345105,1025523166.1400,2,1.515800,1,1.271500,14.734098,2.664004,0.751637,26.365715
2020-07-20,sz.000338,15.8123252000,16.8730277600,15.8123252000,16.8435638000,15.6453627600,104956418,1768006021.5500,2,2.472500,1,7.658500,15.862510,2.868027,0.809201,28.384935
2020-07-21,sz.000338,16.8730277600,17.0890968000,16.5980308000,16.9417770000,16.8435638000,78301409,1343300769.6700,2,1.844600,1,0.583100,15.955003,2.884750,0.813920,28.550445
2020-07-22,sz.000338,16.8632064400,16.9908836000,16.5980308000,16.6962440000,16.9417770000,53235647,910048571.1400,2,1.254100,1,-1.449300,15.723771,2.842942,0.802124,28.136670
2020-07-23,sz.000338,16.5292815600,16.8435638000,16.0971434800,16.5391028800,16.6962440000,62502762,1047246306.1400,2,1.472400,1,-0.941200,15.575782,2.816185,0.794574,27.871855
2020-07-24,sz.000338,16.4212470400,16.6569587200,15.8614318000,15.8712531200,16.5391028800,60716396,999600379.3600,2,1.430300,1,-4.038000,14.946831,2.702467,0.762489,26.746388
2020-07-27,sz.000338,16.1560714000,16.5587455200,15.8025038800,15.9989302800,15.8712531200,55198297,907292489.8800,2,1.300300,1,0.804500,15.067072,2.724207,0.768623,26.961551
2020-07-28,sz.000338,16.2051780000,16.4408896800,15.7926825600,15.9203597200,15.9989302800,43355472,709064965.7700,2,1.021300,1,-0.491100,14.993078,2.710829,0.764848,26.829143
2020-07-29,sz.000338,15.9792876400,16.3524978000,15.7239333200,16.3033912000,15.9203597200,49500834,812579088.8800,2,1.166100,1,2.405900,15.353800,2.776049,0.783250,27.474631
2020-07-30,sz.000338,16.2739272400,16.3623191200,15.8417891600,15.9301810400,16.3033912000,51245041,834585320.6400,2,1.207200,1,-2.289200,15.002327,2.712501,0.765320,26.845694
2020-07-31,sz.000338,15.9400023600,16.1364287600,15.4784003200,15.9007170800,15.9301810400,55616260,895538555.3400,2,1.310200,1,-0.185000,14.974579,2.707484,0.763905,26.796041
2020-08-03,sz.000338,16.1658927200,16.8730277600,16.1658927200,16.6864226800,15.9007170800,70338089,1193489279.2300,2,1.657000,1,4.941300,15.714521,2.841270,0.801652,28.120120
2020-08-04,sz.000338,16.7158866400,16.8239211600,16.4605323200,16.7158866400,16.6864226800,45614790,774997532.6900,2,1.074600,1,0.176600,15.742269,2.846287,0.803067,28.169772
2020-08-05,sz.000338,16.7158866400,16.7453506000,16.2641059200,16.4016044000,16.7158866400,41316638,689253914.3400,2,0.973300,1,-1.880100,15.446292,2.792772,0.787968,27.640141
2020-08-06,sz.000338,16.4507110000,16.4801749600,15.9203597200,16.1167861200,16.4016044000,40345930,663570827.1300,2,0.950400,1,-1.736500,15.178063,2.744275,0.774285,27.160163
2020-08-07,sz.000338,16.1167861200,16.1855353600,15.6944693600,16.1167861200,16.1167861200,37129966,603062347.2400,2,0.874700,1,0.000000,15.178063,2.744275,0.774285,27.160163
2020-08-10,sz.000338,16.0087516000,16.1658927200,15.6944693600,16.0578582000,16.1167861200,37179007,602847734.5900,2,0.875800,1,-0.365600,15.122568,2.734241,0.771454,27.060857
2020-08-11,sz.000338,16.1069648000,16.2837485600,15.7337546400,15.7632186000,16.0578582000,28057174,457515715.1400,2,0.660900,1,-1.834900,14.845089,2.684072,0.757299,26.564327
2020-08-12,sz.000338,15.7730399200,15.8614318000,14.9775130000,15.4194724000,15.7632186000,52442957,818870781.8200,2,1.235400,1,-2.180700,14.521365,2.625541,0.740785,25.985043
2020-08-13,sz.000338,15.5962561600,15.8712531200,15.2819739200,15.3801871200,15.4194724000,33906757,535627217.2000,2,0.798700,1,-0.254800,14.484368,2.618851,0.738897,25.918839
2020-08-14,sz.000338,15.3703658000,15.6846480400,15.3016165600,15.6355414400,15.3801871200,32671665,514476897.7500,2,0.769700,1,1.660300,14.724849,2.662332,0.751165,26.349164
2020-08-17,sz.000338,15.6846480400,16.0676795200,15.6453627600,15.9400023600,15.6355414400,49225223,796447582.7500,2,1.159600,1,1.947200,15.011576,2.714173,0.765792,26.862245
2020-08-18,sz.000338,15.9498997000,16.0489674000,15.7220439900,15.9796200100,15.9399929300,26058086,419173994.1400,2,0.613900,1,0.248600,14.919084,2.697450,0.761074,26.696735
2020-08-19,sz.000338,15.9994335500,16.0489674000,15.5140018200,15.5734424400,15.9796200100,33193786,525526667.8800,2,0.781900,1,-2.541800,14.539863,2.628885,0.741728,26.018145
2020-08-20,sz.000338,15.4842815100,15.6725101400,15.1474513300,15.3356799600,15.5734424400,24799463,386034001.9300,2,0.584200,1,-1.526700,14.317881,2.588750,0.730404,25.620921
2020-08-21,sz.000338,15.5833492100,15.6031627500,15.1177310200,15.2465190300,15.3356799600,45807369,705895101.8900,2,1.079100,1,-0.581400,14.234637,2.573699,0.726158,25.471962
2020-08-24,sz.000338,15.3257731900,15.8012981500,15.2762393400,15.6626033700,15.2465190300,49513170,781808796.6400,2,1.166400,1,2.729000,14.623107,2.643936,0.745975,26.167104
2020-08-25,sz.000338,15.8409252300,15.9300861600,15.4644679700,15.5734424400,15.6626033700,29874218,471970494.9300,2,0.703800,1,-0.569300,14.539863,2.628885,0.741728,26.018145
2020-08-26,sz.000338,15.5536289000,15.6725101400,15.1771716400,15.2564258000,15.5734424400,30852994,479365793.5600,2,0.726800,1,-2.035600,14.243886,2.575371,0.726630,25.488513
2020-08-27,sz.000338,15.3554935000,15.4050273500,15.0979174800,15.3257731900,15.2564258000,25938583,399514410.3600,2,0.611000,1,0.454500,14.308631,2.587077,0.729932,25.604370
2020-08-28,sz.000338,14.9889430100,14.9889430100,14.3152826500,14.7610873000,15.3257731900,114170431,1677359732.4900,2,2.690000,1,-3.684600,13.911380,2.427046,0.664154,27.281861
2020-08-31,sz.000338,14.7115534500,15.0384768600,14.6422060600,14.6818331400,14.7610873000,60879162,912297665.2000,2,1.434400,1,-0.536900,13.836689,2.414015,0.660588,27.135381
2020-09-01,sz.000338,14.7709940700,14.8601550000,14.5233248200,14.7115534500,14.6818331400,53475306,791817529.8400,2,1.259900,1,0.202400,13.864698,2.418902,0.661925,27.190311
2020-09-02,sz.000338,14.8304346900,15.0582904000,14.6422060600,14.8898753100,14.7115534500,50193857,752426334.2700,2,1.182600,1,1.212100,14.032755,2.448222,0.669949,27.519890
2020-09-03,sz.000338,14.9195956200,15.2167987200,14.8898753100,15.0087565500,14.8898753100,49064847,744665652.3400,2,1.156000,1,0.798400,14.144793,2.467769,0.675297,27.739610
2020-09-04,sz.000338,14.7115534500,14.8997820800,14.6521128300,14.8601550000,15.0087565500,31251612,465545208.4300,2,0.736300,1,-0.990100,14.004745,2.443335,0.668611,27.464961
2020-09-07,sz.000338,14.7610873000,14.9295023900,14.3945368100,14.4341638900,14.8601550000,38447306,567055078.0100,2,0.905900,1,-2.866700,13.603276,2.373293,0.649444,26.677632
2020-09-08,sz.000338,14.4341638900,14.7412737600,14.3450029600,14.7214602200,14.4341638900,40637832,596859043.8200,2,0.957500,1,1.990400,13.874035,2.420531,0.662371,27.208621
2020-09-09,sz.000338,14.5332315900,14.5629519000,14.1765878700,14.2063081800,14.7214602200,41378189,597685248.9100,2,0.974900,1,-3.499300,13.388537,2.335828,0.639192,26.256502
2020-09-10,sz.000338,14.3251894200,14.3648165000,14.0081727800,14.0279863200,14.2063081800,33982966,487179084.5500,2,0.800700,1,-1.255200,13.220480,2.306508,0.631169,25.926923
2020-09-11,sz.000338,14.0973337100,14.1369607900,13.7704103000,14.0378930900,14.0279863200,31418984,442984818.7100,2,0.740300,1,0.070600,13.229816,2.308137,0.631615,25.945233
2020-09-14,sz.000338,14.1072404800,14.2954691100,14.0874269400,14.2162149500,14.0378930900,24556166,351490354.6900,2,0.578600,1,1.270300,13.397873,2.337457,0.639638,26.274812
2020-09-15,sz.000338,14.2162149500,14.8106211500,14.1765878700,14.7610873000,14.2162149500,56693203,836057551.6700,2,1.335700,1,3.832800,13.911380,2.427046,0.664154,27.281861
2020-09-16,sz.000338,14.6917399100,15.1969851800,14.6124857500,14.8799685400,14.7610873000,49258551,740255198.7000,2,1.160600,1,0.805400,14.023418,2.446593,0.669503,27.501580
2020-09-17,sz.000338,15.0483836300,16.1480351000,15.0483836300,16.0291538600,14.8799685400,130136055,2063710231.4500,2,3.066100,1,7.723000,15.106452,2.635544,0.721209,29.625537
2020-09-18,sz.000338,16.1975689500,16.4947720500,16.0786877100,16.4353314300,16.0291538600,112580041,1854240243.1400,2,2.652500,1,2.534000,15.489248,2.702329,0.739484,30.376246
2020-09-21,sz.000338,16.4452382000,16.4650517400,15.6923236800,15.8508320000,16.4353314300,69804961,1123414411.6200,2,1.644700,1,-3.556400,14.938395,2.606224,0.713185,29.295958
2020-09-22,sz.000338,15.7022304500,15.8904590800,15.3951205800,15.4743747400,15.8508320000,50336697,794256992.6600,2,1.186000,1,-2.375000,14.583608,2.544326,0.696247,28.600179
2020-09-23,sz.000338,15.5437221300,15.6031627500,15.1969851800,15.3356799600,15.4743747400,46083422,713547138.5300,2,1.085800,1,-0.896300,14.452897,2.521522,0.690007,28.343839
2020-09-24,sz.000338,15.1969851800,15.2267054900,14.8997820800,14.9394091600,15.3356799600,37973611,575027108.7700,2,0.894700,1,-2.584000,14.079437,2.456366,0.672177,27.611440
2020-09-25,sz.000338,15.0582904000,15.0582904000,14.6917399100,14.8304346900,14.9394091600,36617620,548289753.4700,2,0.862700,1,-0.729400,13.976736,2.438448,0.667274,27.410031
2020-09-28,sz.000338,14.8700617700,15.0384768600,14.5827654400,14.8106211500,14.8304346900,46656049,699302683.9300,2,1.099300,1,-0.133600,13.958063,2.435191,0.666383,27.373411
2020-09-29,sz.000338,14.9195956200,14.9493159300,14.6818331400,14.7709940700,14.8106211500,41011371,611686148.5800,2,0.966300,1,-0.267600,13.920717,2.428675,0.664600,27.300171
2020-09-30,sz.000338,14.8205279200,15.2267054900,14.8106211500,14.9592227000,14.7709940700,40837337,616838050.0900,2,0.962200,1,1.274300,14.098110,2.459624,0.673069,27.648060
2020-10-09,sz.000338,15.4941882800,15.8409252300,15.3455867300,15.6427898300,14.9592227000,68014317,1070859896.3000,2,1.602500,1,4.569500,14.742329,2.572017,0.703825,28.911448
2020-10-12,sz.000338,15.8310184600,15.9895267800,15.7022304500,15.8706455400,15.6427898300,52667252,842199823.5700,2,1.240900,1,1.456600,14.957068,2.609482,0.714077,29.332578
2020-10-13,sz.000338,15.8508320000,16.0093403200,15.6427898300,15.8607387700,15.8706455400,34387907,548309275.6200,2,0.810200,1,-0.062400,14.947732,2.607853,0.713631,29.314268
2020-10-14,sz.000338,16.0093403200,16.1282215600,15.8706455400,16.0687809400,15.8607387700,48401908,782791803.1800,2,1.140400,1,1.311700,15.143798,2.642060,0.722992,29.698777
2020-10-15,sz.000338,15.9697132400,16.2074757200,15.9201793900,15.9399929300,16.0687809400,39554470,640339279.3800,2,0.931900,1,-0.801500,15.022424,2.620884,0.717197,29.460748
2020-10-16,sz.000338,15.9000000000,16.1800000000,15.9000000000,16.0900000000,15.9400000000,33587515,538449578.2100,2,0.791400,1,0.941000,15.022424,2.620884,0.717197,29.460748
2020-10-19,sz.000338,16.1400000000,16.2800000000,15.7000000000,15.8100000000,16.0900000000,32473461,518287711.5300,2,0.765100,1,-1.740200,14.761002,2.575275,0.704716,28.948068
2020-10-20,sz.000338,15.8500000000,15.9500000000,15.6600000000,15.9400000000,15.8100000000,28734646,454908176.3100,2,0.677000,1,0.822300,14.882376,2.596451,0.710511,29.186098
2020-10-21,sz.000338,15.9400000000,15.9500000000,15.5000000000,15.6600000000,15.9400000000,27522624,430370721.7000,2,0.648500,1,-1.756600,14.620954,2.550842,0.698030,28.673419
2020-10-22,sz.000338,15.5600000000,15.6000000000,15.2300000000,15.3800000000,15.6600000000,35165233,539140223.1800,2,0.828500,1,-1.788000,14.359532,2.505233,0.685550,28.160740
2020-10-23,sz.000338,15.3500000000,15.5100000000,15.1200000000,15.3000000000,15.3800000000,30744490,470888007.1000,2,0.724400,1,-0.520200,14.284840,2.492202,0.681984,28.014260
2020-10-26,sz.000338,15.2000000000,15.3500000000,14.9200000000,15.2800000000,15.3000000000,20305411,308002134.7000,2,0.478400,1,-0.130700,14.266167,2.488944,0.681092,27.977640
2020-10-27,sz.000338,15.2800000000,15.3500000000,15.0700000000,15.2000000000,15.2800000000,24820534,377269537.5000,2,0.584800,1,-0.523600,14.191475,2.475913,0.677526,27.831160
2020-10-28,sz.000338,15.1500000000,15.2900000000,14.8400000000,15.2000000000,15.2000000000,36663129,553575990.8900,2,0.863800,1,0.000000,14.191475,2.475913,0.677526,27.831160
2020-10-29,sz.000338,15.0900000000,15.6700000000,14.9400000000,15.5900000000,15.2000000000,44805901,689037502.9200,2,1.055700,1,2.565800,14.555599,2.539440,0.694910,28.545249
2020-10-30,sz.000338,15.8000000000,15.8000000000,15.0000000000,15.1300000000,15.5900000000,48579212,738682687.9100,2,1.144600,1,-2.950600,14.126120,2.464511,0.674406,27.702990
2020-11-02,sz.000338,15.2900000000,16.0000000000,15.2900000000,15.9800000000,15.1300000000,84896930,1337572590.5100,2,2.000300,1,5.618000,13.852269,2.566797,0.650050,24.968733
2020-11-03,sz.000338,16.1600000000,16.1600000000,15.3100000000,15.4900000000,15.9800000000,90537893,1414449370.7700,2,2.133200,1,-3.066300,13.427513,2.488091,0.630117,24.203108
2020-11-04,sz.000338,15.5100000000,16.0000000000,15.4000000000,15.8600000000,15.4900000000,67404227,1064242063.7200,2,1.588100,1,2.388600,13.748247,2.547522,0.645168,24.781233
2020-11-05,sz.000338,16.0000000000,16.8700000000,15.8800000000,16.7000000000,15.8600000000,103977827,1715447562.9500,2,2.449800,1,5.296300,14.476402,2.682448,0.679339,26.093732
2020-11-06,sz.000338,16.6800000000,16.7700000000,16.4200000000,16.6300000000,16.7000000000,61427962,1017447889.7900,2,1.447300,1,-0.419200,14.415722,2.671204,0.676491,25.984357
2020-11-09,sz.000338,16.9200000000,17.1800000000,16.5500000000,16.8400000000,16.6300000000,71165451,1198308030.8500,2,1.676700,1,1.262800,14.597761,2.704935,0.685034,26.312482
2020-11-10,sz.000338,17.0100000000,17.0300000000,16.3000000000,16.3900000000,16.8400000000,65025141,1078788725.4000,2,1.532100,1,-2.672200,14.207678,2.632654,0.666728,25.609357
2020-11-11,sz.000338,16.4500000000,17.1300000000,16.3300000000,16.7000000000,16.3900000000,69581772,1167777384.5100,2,1.639400,1,1.891400,14.476402,2.682448,0.679339,26.093732
2020-11-12,sz.000338,16.7200000000,16.9600000000,16.5500000000,16.8800000000,16.7000000000,41572265,698902403.3700,2,0.979500,1,1.077800,14.632435,2.711360,0.686661,26.374982
2020-11-13,sz.000338,17.0500000000,17.3400000000,16.5700000000,16.9200000000,16.8800000000,66411296,1123724203.2700,2,1.564700,1,0.237000,14.667109,2.717785,0.688288,26.437482
2020-11-16,sz.000338,16.9900000000,17.0400000000,16.6100000000,16.8400000000,16.9200000000,58385492,977778728.8200,2,1.375600,1,-0.472800,14.597761,2.704935,0.685034,26.312482
2020-11-17,sz.000338,16.7100000000,18.0200000000,16.6400000000,17.7400000000,16.8400000000,128908990,2265012697.7100,2,3.037200,1,5.344400,15.377926,2.849498,0.721645,27.718731
2020-11-18,sz.000338,17.7400000000,17.8800000000,17.5500000000,17.7000000000,17.7400000000,65745763,1164487976.8000,2,1.549000,1,-0.225500,15.343252,2.843073,0.720018,27.656231
2020-11-19,sz.000338,17.7100000000,17.8400000000,17.5200000000,17.7700000000,17.7000000000,39168564,693425003.5100,2,0.922800,1,0.395500,15.403931,2.854317,0.722865,27.765606
2020-11-20,sz.000338,17.7000000000,18.2600000000,17.5700000000,17.9200000000,17.7700000000,62036313,1113605502.8700,2,1.461600,1,0.844100,15.533959,2.878411,0.728967,27.999981
2020-11-23,sz.000338,17.8500000000,18.0800000000,17.5000000000,18.0000000000,17.9200000000,64088009,1140814131.4800,2,1.510000,1,0.446400,15.603307,2.891261,0.732221,28.124981
2020-11-24,sz.000338,18.0800000000,18.3400000000,17.7000000000,17.8300000000,18.0000000000,50186572,903054282.3000,2,1.182400,1,-0.944400,15.455942,2.863955,0.725306,27.859356
2020-11-25,sz.000338,17.9900000000,18.3200000000,17.5200000000,17.5300000000,17.8300000000,61766508,1102610013.3500,2,1.455300,1,-1.682600,15.195887,2.815767,0.713102,27.390606
2020-11-26,sz.000338,17.7000000000,17.7500000000,17.0200000000,17.2500000000,17.5300000000,67699860,1167473266.1900,2,1.595100,1,-1.597300,14.953169,2.770792,0.701712,26.953106
2020-11-27,sz.000338,17.2800000000,17.5900000000,17.1300000000,17.3500000000,17.2500000000,54311515,940394186.4300,2,1.279600,1,0.579700,15.039854,2.786854,0.705780,27.109356
2020-11-30,sz.000338,17.3000000000,17.4300000000,16.6900000000,16.6900000000,17.3500000000,74129914,1262893057.1700,2,1.746600,1,-3.804000,14.467733,2.680841,0.678932,26.078107
2020-12-01,sz.000338,16.7200000000,17.2200000000,16.6600000000,17.1500000000,16.6900000000,48857851,831954209.8000,2,1.151100,1,2.756100,14.866484,2.754729,0.697644,26.796857
2020-12-02,sz.000338,17.1600000000,17.2900000000,16.9400000000,17.1500000000,17.1500000000,33488774,573727555.5300,2,0.789000,1,0.000000,14.866484,2.754729,0.697644,26.796857
2020-12-03,sz.000338,17.2100000000,17.3000000000,16.6800000000,16.9200000000,17.1500000000,53884328,914598326.5400,2,1.269600,1,-1.341100,14.667109,2.717785,0.688288,26.437482
2020-12-04,sz.000338,16.8800000000,17.1800000000,16.7200000000,17.0300000000,16.9200000000,34401703,583052593.8000,2,0.810500,1,0.650100,14.762462,2.735454,0.692763,26.609357
2020-12-07,sz.000338,17.0700000000,17.1100000000,16.6000000000,16.6800000000,17.0300000000,34841924,584327192.3100,2,0.820900,1,-2.055200,14.459065,2.679235,0.678525,26.062482
2020-12-08,sz.000338,16.7000000000,16.7000000000,16.4100000000,16.5400000000,16.6800000000,44307421,732478034.8600,2,1.043900,1,-0.839300,14.337705,2.656748,0.672830,25.843732
2020-12-09,sz.000338,16.6000000000,16.6600000000,16.0800000000,16.1000000000,16.5400000000,44902295,734449871.1800,2,1.057900,1,-2.660200,13.956291,2.586072,0.654931,25.156233
2020-12-10,sz.000338,16.1100000000,16.2600000000,15.9700000000,16.1000000000,16.1000000000,35242494,568018269.6900,2,0.830300,1,0.000000,13.956291,2.586072,0.654931,25.156233
2020-12-11,sz.000338,16.1000000000,16.3400000000,15.7200000000,15.9400000000,16.1000000000,47164990,752872150.9100,2,1.111300,1,-0.993800,13.817595,2.560372,0.648423,24.906233
2020-12-14,sz.000338,15.9400000000,16.0500000000,15.7200000000,16.0000000000,15.9400000000,38905960,616740775.8000,2,0.916700,1,0.376400,13.869606,2.570010,0.650863,24.999983
2020-12-15,sz.000338,15.9700000000,16.1600000000,15.5300000000,16.1100000000,16.0000000000,64843473,1026253154.8500,2,1.527800,1,0.687500,13.964960,2.587679,0.655338,25.171858
2020-12-16,sz.000338,16.1200000000,16.2000000000,15.7200000000,15.8400000000,16.1100000000,50643910,807542009.2700,2,1.193200,1,-1.676000,13.730910,2.544310,0.644355,24.749983
2020-12-17,sz.000338,15.8800000000,16.1300000000,15.6500000000,16.0400000000,15.8400000000,53057334,846527547.7700,2,1.250100,1,1.262600,13.904280,2.576435,0.652491,25.062483
2020-12-18,sz.000338,16.0800000000,16.2700000000,15.9000000000,16.0500000000,16.0400000000,45519283,731883095.8300,2,1.072500,1,0.062300,13.912949,2.578041,0.652897,25.078108
2020-12-21,sz.000338,16.0500000000,16.4100000000,15.7100000000,16.3700000000,16.0500000000,57867478,932772661.5600,2,1.363400,1,1.993800,14.190341,2.629441,0.665915,25.578107
2020-12-22,sz.000338,16.2500000000,16.3100000000,15.6800000000,15.8000000000,16.3700000000,75432581,1200229318.4000,2,1.777300,1,-3.482000,13.696236,2.537885,0.642728,24.687483
2020-12-23,sz.000338,15.7500000000,15.8000000000,15.2800000000,15.5100000000,15.8000000000,79746321,1233678568.1800,2,1.878900,1,-1.835400,13.444850,2.491303,0.630931,24.234358
2020-12-24,sz.000338,15.5200000000,15.6500000000,15.3000000000,15.3900000000,15.5100000000,38507421,594827741.4000,2,0.907300,1,-0.773700,13.340828,2.472028,0.626049,24.046858
2020-12-25,sz.000338,15.1000000000,15.3100000000,14.7600000000,15.1600000000,15.3900000000,72561440,1090064948.9100,2,1.709600,1,-1.494500,13.141452,2.435084,0.616693,23.687484
2020-12-28,sz.000338,15.1300000000,15.5900000000,15.0500000000,15.5800000000,15.1600000000,64293936,989352298.8500,2,1.514800,1,2.770400,13.505529,2.502547,0.633778,24.343733
2020-12-29,sz.000338,15.6100000000,15.8200000000,15.4100000000,15.5500000000,15.5800000000,47802664,744062312.4500,2,1.126300,1,-0.192600,13.479524,2.497728,0.632558,24.296858
2020-12-30,sz.000338,15.4100000000,15.7200000000,15.3300000000,15.5300000000,15.5500000000,49815812,772011572.2400,2,1.173700,1,-0.128600,13.462187,2.494516,0.631744,24.265608
2020-12-31,sz.000338,15.6100000000,15.8400000000,15.4900000000,15.7900000000,15.5300000000,58679032,921264130.6200,2,1.382500,1,1.674200,13.687568,2.536278,0.642321,24.671858
2021-01-04,sz.000338,15.8400000000,16.1000000000,15.6100000000,16.0200000000,15.7900000000,79129696,1258856119.6200,2,1.864400,1,1.456600,13.886943,2.573222,0.651677,25.031233
2021-01-05,sz.000338,16.1300000000,16.4700000000,15.9000000000,16.4600000000,16.0200000000,94532532,1530626699.8400,2,2.227300,1,2.746600,14.268357,2.643898,0.669576,25.718732
2021-01-06,sz.000338,16.4900000000,16.6000000000,16.0900000000,16.2800000000,16.4600000000,63302167,1031216719.5300,2,1.491500,1,-1.093600,14.112324,2.614985,0.662254,25.437482
2021-01-07,sz.000338,16.4200000000,16.7700000000,16.1400000000,16.6500000000,16.2800000000,101525264,1672288088.4900,2,2.392000,1,2.272700,14.433059,2.674416,0.677305,26.015607
2021-01-08,sz.000338,16.8800000000,17.0000000000,16.3200000000,16.7000000000,16.6500000000,96958473,1610910786.2000,2,2.284400,1,0.300300,14.476402,2.682448,0.679339,26.093732
2021-01-11,sz.000338,16.8000000000,17.4700000000,16.7100000000,17.1800000000,16.7000000000,142348116,2446519911.4900,2,3.353900,1,2.874300,14.892490,2.759548,0.698865,26.843731
2021-01-12,sz.000338,17.1400000000,17.5700000000,16.8500000000,17.5700000000,17.1800000000,102281800,1765415515.2800,2,2.409900,1,2.270100,15.230561,2.822192,0.714729,27.453106
2021-01-13,sz.000338,18.0000000000,19.3300000000,17.7500000000,18.9200000000,17.5700000000,234697850,4405965596.0700,2,5.529700,1,7.683600,16.400809,3.039037,0.769646,29.562480
2021-01-14,sz.000338,18.9800000000,19.8600000000,18.6000000000,18.8900000000,18.9200000000,195986095,3759232460.5400,2,4.617600,1,-0.158600,16.374804,3.034218,0.768426,29.515605
2021-01-15,sz.000338,19.3000000000,19.4200000000,18.2600000000,18.6400000000,18.8900000000,125087601,2343303312.2100,2,2.947200,1,-1.323500,16.158091,2.994061,0.758256,29.124980
2021-01-18,sz.000338,18.3900000000,18.9500000000,18.2200000000,18.7400000000,18.6400000000,90190902,1680089598.9300,2,2.125000,1,0.536500,16.244776,3.010124,0.762324,29.281230
2021-01-19,sz.000338,19.1500000000,19.6500000000,18.6500000000,18.7500000000,18.7400000000,121588877,2323628531.8800,2,2.864700,1,0.053400,16.253445,3.011730,0.762731,29.296855
2021-01-20,sz.000338,19.0800000000,19.8600000000,19.0500000000,19.3800000000,18.7500000000,121387852,2364833899.0200,2,2.860000,1,3.360000,16.799561,3.112924,0.788358,30.281229
2021-01-21,sz.000338,19.3800000000,19.4500000000,18.8500000000,19.1600000000,19.3800000000,95065362,1817943145.3500,2,2.239800,1,-1.135200,16.608853,3.077587,0.779409,29.937479
2021-01-22,sz.000338,19.3000000000,19.3500000000,18.5000000000,19.2900000000,19.1600000000,109878098,2078774804.8100,2,2.588800,1,0.678500,16.721544,3.098468,0.784697,30.140604
2021-01-25,sz.000338,19.0600000000,19.2000000000,18.6000000000,19.0500000000,19.2900000000,87691696,1662485144.9200,2,2.066100,1,-1.244200,16.513500,3.059918,0.774934,29.765604
2021-01-26,sz.000338,18.9000000000,19.4800000000,18.4200000000,18.5700000000,19.0500000000,89233812,1679938057.7500,2,2.102400,1,-2.519700,16.097412,2.982818,0.755408,29.015605
2021-01-27,sz.000338,18.8100000000,20.2000000000,18.5700000000,20.0600000000,18.5700000000,175392382,3419925894.3100,2,4.132400,1,8.023700,17.389019,3.222150,0.816020,31.343728
2021-01-28,sz.000338,19.6000000000,19.9600000000,19.4000000000,19.5300000000,20.0600000000,120274326,2361851827.1000,2,2.833800,1,-2.642100,16.929588,3.137018,0.794460,30.515604
2021-01-29,sz.000338,19.7100000000,21.4800000000,19.4200000000,21.1400000000,19.5300000000,195274830,4079320797.6500,2,4.600900,1,8.243700,18.325217,3.395625,0.859953,33.031227
2021-02-01,sz.000338,21.5000000000,22.4900000000,20.9000000000,21.8800000000,21.1400000000,170707130,3716208171.9500,2,4.022000,1,3.500500,18.966687,3.514488,0.890056,34.187476
2021-02-02,sz.000338,21.9900000000,24.0700000000,21.5200000000,24.0700000000,21.8800000000,184602436,4267076639.6200,2,4.349400,1,10.009100,20.865089,3.866258,0.979143,37.609349
2021-02-03,sz.000338,24.3100000000,25.0000000000,23.4500000000,24.0700000000,24.0700000000,181502118,4369360024.7500,2,4.276400,1,0.000000,20.865089,3.866258,0.979143,37.609349
2021-02-04,sz.000338,23.8000000000,24.8900000000,23.3400000000,24.1100000000,24.0700000000,146027401,3508141391.8200,2,3.440500,1,0.166200,20.899763,3.872684,0.980770,37.671849
2021-02-05,sz.000338,24.2600000000,24.4900000000,22.2900000000,23.1000000000,24.1100000000,189052746,4390723050.0200,2,4.454300,1,-4.189100,20.024244,3.710452,0.939684,36.093725
2021-02-08,sz.000338,23.2200000000,24.9700000000,22.7900000000,24.6300000000,23.1000000000,134366143,3220381155.0500,2,3.165800,1,6.623400,21.350525,3.956209,1.001923,38.484348
2021-02-09,sz.000338,24.9100000000,26.1000000000,24.4000000000,25.4700000000,24.6300000000,148187971,3743395621.8600,2,3.491400,1,3.410500,22.078679,4.091134,1.036093,39.796848
2021-02-10,sz.000338,25.5000000000,25.8000000000,24.8000000000,25.3700000000,25.4700000000,102542676,2596752522.8500,2,2.416000,1,-0.392600,21.991994,4.075072,1.032025,39.640598
2021-02-18,sz.000338,26.0500000000,26.2600000000,24.7000000000,25.0400000000,25.3700000000,117344878,2967803327.6200,2,2.764800,1,-1.300700,21.705934,4.022065,1.018601,39.124973
2021-02-19,sz.000338,24.6700000000,25.1200000000,23.5800000000,24.7600000000,25.0400000000,108749171,2648809724.3300,2,2.562200,1,-1.118200,21.463216,3.977090,1.007211,38.687473
2021-02-22,sz.000338,24.8700000000,25.3000000000,23.8200000000,23.8500000000,24.7600000000,111731799,2731221250.8700,2,2.632500,1,-3.675300,20.674382,3.830921,0.970193,37.265599
2021-02-23,sz.000338,23.7000000000,24.3700000000,23.2100000000,23.8800000000,23.8500000000,80136705,1918223894.7500,2,1.888100,1,0.125800,20.700387,3.835740,0.971414,37.312474
2021-02-24,sz.000338,24.0000000000,24.1700000000,22.6900000000,22.9000000000,23.8800000000,114330946,2651073965.9700,2,2.693700,1,-4.103900,19.850874,3.678327,0.931548,35.781225
2021-02-25,sz.000338,23.2900000000,23.4300000000,22.5300000000,22.9200000000,22.9000000000,79989553,1842732943.7100,2,1.884600,1,0.087300,19.868211,3.681539,0.932362,35.812475
2021-02-26,sz.000338,22.0000000000,22.6800000000,21.8800000000,22.0500000000,22.9200000000,84877971,1888818608.3700,2,1.999800,1,-3.795800,19.114051,3.541795,0.896971,34.453101
2021-03-01,sz.000338,22.5500000000,23.0600000000,22.0000000000,22.7900000000,22.0500000000,78819701,1780768886.0400,2,1.857100,1,3.356000,19.755520,3.660658,0.927074,35.609350
2021-03-02,sz.000338,23.1700000000,23.7700000000,22.8000000000,23.2000000000,22.7900000000,100151988,2323660488.0300,2,2.359700,1,1.799000,20.110929,3.726514,0.943752,36.249975
2021-03-03,sz.000338,22.8800000000,23.5000000000,22.1100000000,23.1800000000,23.2000000000,76083825,1741966582.1000,2,1.792600,1,-0.086200,20.093592,3.723302,0.942938,36.218725
2021-03-04,sz.000338,22.6900000000,22.8400000000,21.4900000000,21.6900000000,23.1800000000,106222460,2344330750.8300,2,2.502700,1,-6.428000,18.801985,3.483970,0.882327,33.890602
2021-03-05,sz.000338,21.0500000000,21.6300000000,20.8800000000,21.2600000000,21.6900000000,70021075,1487941928.7100,2,1.649800,1,-1.982500,18.429239,3.414901,0.864835,33.218727
2021-03-08,sz.000338,21.5000000000,21.6500000000,20.0900000000,20.2500000000,21.2600000000,89235151,1851055431.2800,2,2.102500,1,-4.750700,17.553720,3.252669,0.823749,31.640603
2021-03-09,sz.000338,20.0400000000,20.5000000000,19.3700000000,19.7600000000,20.2500000000,78855340,1572121432.1000,2,1.857900,1,-2.419800,17.128964,3.173962,0.803816,30.874979
2021-03-10,sz.000338,20.3100000000,20.5900000000,19.8800000000,20.2400000000,19.7600000000,61561269,1247048497.8500,2,1.450400,1,2.429100,17.545052,3.251062,0.823342,31.624978
2021-03-11,sz.000338,20.3800000000,20.9400000000,20.2100000000,20.5800000000,20.2400000000,64154736,1323435715.7300,2,1.511500,1,1.679800,17.839781,3.305675,0.837173,32.156228
2021-03-12,sz.000338,20.5800000000,21.3900000000,20.4000000000,20.7500000000,20.5800000000,67798743,1415441970.4100,2,1.597400,1,0.826000,17.987146,3.332981,0.844089,32.421853
2021-03-15,sz.000338,20.5200000000,20.6600000000,20.0700000000,20.3700000000,20.7500000000,44354248,902192041.5300,2,1.045000,1,-1.831300,17.657742,3.271944,0.828631,31.828103
2021-03-16,sz.000338,20.4100000000,20.6700000000,19.9400000000,20.1500000000,20.3700000000,49379054,998374127.0200,2,1.163400,1,-1.080000,17.467035,3.236606,0.819681,31.484353
2021-03-17,sz.000338,20.2000000000,20.5400000000,19.9100000000,20.3000000000,20.1500000000,38271043,776072970.5800,2,0.901700,1,0.744400,17.597063,3.260700,0.825783,31.718728
2021-03-18,sz.000338,20.3800000000,20.6500000000,20.2000000000,20.4600000000,20.3000000000,46887253,956204265.5900,2,1.104700,1,0.788200,17.735759,3.286400,0.832292,31.968728
2021-03-19,sz.000338,20.0000000000,20.1900000000,19.6800000000,19.8500000000,20.4600000000,56297883,1121683549.7800,2,1.326400,1,-2.981400,17.206980,3.188418,0.807477,31.015604
2021-03-22,sz.000338,19.8800000000,20.5500000000,19.7500000000,20.3400000000,19.8500000000,43092808,872490375.4200,2,1.015300,1,2.468500,17.631737,3.267125,0.827410,31.781228
2021-03-23,sz.000338,20.3600000000,20.4400000000,19.2000000000,19.5800000000,20.3400000000,70038918,1376689695.2600,2,1.650200,1,-3.736500,16.972931,3.145049,0.796494,30.593729
2021-03-24,sz.000338,19.3400000000,19.5900000000,18.7100000000,18.8100000000,19.5800000000,63673750,1208362130.7000,2,1.500200,1,-3.932600,16.305456,3.021368,0.765171,29.390605
2021-03-25,sz.000338,18.7200000000,19.1900000000,18.6000000000,18.9500000000,18.8100000000,38151073,721775755.8100,2,0.898900,1,0.744300,16.426815,3.043855,0.770866,29.609355
2021-03-26,sz.000338,19.2000000000,19.5800000000,19.0300000000,19.4500000000,18.9500000000,49425139,955936822.0900,2,1.164500,1,2.638500,16.860240,3.124168,0.791206,30.390604
2021-03-29,sz.000338,19.4200000000,19.6400000000,19.1100000000,19.3600000000,19.4500000000,43841036,850328270.4200,2,1.032900,1,-0.462700,16.782224,3.109712,0.787545,30.249979
2021-03-30,sz.000338,19.5000000000,19.9500000000,19.3400000000,19.7400000000,19.3600000000,50426593,992680145.9500,2,1.188100,1,1.962800,17.111627,3.170750,0.803003,30.843729
2021-03-31,sz.000338,19.1500000000,19.3300000000,18.4800000000,19.2400000000,19.7400000000,105206762,1994107387.5300,2,2.478800,1,-2.532900,16.579298,2.981266,0.772935,14.609581
2021-04-01,sz.000338,19.2400000000,19.4200000000,18.9100000000,19.1200000000,19.2400000000,50535947,965408424.2200,2,1.190700,1,-0.623700,16.475892,2.962672,0.768114,14.518461
2021-04-02,sz.000338,19.4200000000,19.7400000000,19.2800000000,19.3600000000,19.1200000000,55586763,1081694106.5700,2,1.309700,1,1.255200,16.682703,2.999860,0.777756,14.700701
2021-04-06,sz.000338,19.7300000000,20.4500000000,19.6200000000,20.0400000000,19.3600000000,81018422,1626244299.3200,2,1.908900,1,3.512400,17.268665,3.105227,0.805073,15.217048
2021-04-07,sz.000338,19.8000000000,19.9800000000,18.8100000000,18.9800000000,20.0400000000,137822711,2625783707.9500,2,3.247200,1,-5.289400,16.355253,2.940979,0.762490,14.412154
2021-04-08,sz.000338,18.8000000000,19.0800000000,18.6200000000,18.8700000000,18.9800000000,64866306,1224765789.6300,2,1.528300,1,-0.579600,16.260465,2.923934,0.758071,14.328627
2021-04-09,sz.000338,18.8700000000,19.3500000000,18.6700000000,18.9500000000,18.8700000000,71509564,1356784855.2200,2,1.684800,1,0.424000,16.329402,2.936330,0.761285,14.389374
2021-04-12,sz.000338,19.1000000000,19.1400000000,18.1600000000,18.2200000000,18.9500000000,65638775,1216106801.4800,2,1.546500,1,-3.852200,15.700353,2.823215,0.731958,13.835060
2021-04-13,sz.000338,18.2400000000,18.7800000000,18.2000000000,18.6900000000,18.2200000000,54439463,1010539322.9900,2,1.282600,1,2.579600,16.105357,2.896043,0.750839,14.191947
2021-04-14,sz.000338,18.7300000000,19.1200000000,18.6900000000,18.9500000000,18.6900000000,42404163,803951414.0900,2,0.999100,1,1.391100,16.329402,2.936330,0.761285,14.389374
2021-04-15,sz.000338,18.9700000000,19.0700000000,18.5500000000,19.0300000000,18.9500000000,34721133,652832765.3800,2,0.818100,1,0.422200,16.398338,2.948726,0.764498,14.450121
2021-04-16,sz.000338,19.1500000000,19.2300000000,18.7600000000,18.8800000000,19.0300000000,38530174,729815960.9900,2,0.907800,1,-0.788200,16.269082,2.925483,0.758472,14.336221
2021-04-19,sz.000338,19.2600000000,20.0800000000,19.1600000000,20.0300000000,18.8800000000,98313428,1942074035.2900,2,2.316400,1,6.091100,17.260048,3.103678,0.804672,15.209454
